LIST OF MAXIMALLY RESTRICTIVE PAIRS OF TEXTURE ZEROS (AFTER MINUIT):

PAIRS WITH (11,3) TEXTURE ZEROS FOR (M_u, M_d):

M_u:
[[0 0 0 1]
 [0 0 1 0]
 [1 1 0 0]
 [0 1 0 0]]
M_d:
[[0 1 1]
 [1 0 1]
 [0 1 1]]

M_u:
[[0 0 0 1]
 [0 0 1 0]
 [0 1 0 0]
 [1 0 0 1]]
M_d:
[[0 1 1]
 [0 1 1]
 [1 0 1]]

M_u:
[[0 0 0 1]
 [0 0 1 0]
 [1 1 0 0]
 [0 1 0 0]]
M_d:
[[0 1 1]
 [0 1 1]
 [1 0 1]]

M_u:
[[0 0 0 1]
 [0 0 1 0]
 [0 1 0 0]
 [1 0 0 1]]
M_d:
[[0 1 1]
 [1 0 1]
 [1 0 1]]

THERE ARE 4 PAIRS WITH (11,3) TEXTURE ZEROS

PAIRS WITH (10,4) TEXTURE ZEROS FOR (M_u, M_d):

M_u:
[[0 0 0 1]
 [0 1 1 0]
 [1 0 1 0]
 [0 1 0 0]]
M_d:
[[0 1 1]
 [1 0 0]
 [1 0 1]]

M_u:
[[0 0 0 1]
 [0 1 1 0]
 [1 0 1 0]
 [0 1 0 0]]
M_d:
[[0 0 1]
 [1 1 0]
 [0 1 1]]

M_u:
[[0 0 0 1]
 [0 0 1 0]
 [0 1 0 1]
 [1 1 0 0]]
M_d:
[[0 1 1]
 [0 0 1]
 [1 1 0]]

M_u:
[[0 0 0 1]
 [0 0 1 1]
 [1 1 0 0]
 [0 1 0 0]]
M_d:
[[0 1 1]
 [0 0 1]
 [1 1 0]]

M_u:
[[0 0 0 1]
 [0 0 1 1]
 [1 1 0 0]
 [0 1 0 0]]
M_d:
[[0 1 1]
 [1 0 1]
 [0 0 1]]

M_u:
[[0 0 0 1]
 [0 0 1 0]
 [1 1 0 0]
 [0 1 0 1]]
M_d:
[[0 0 1]
 [1 1 1]
 [0 1 0]]

M_u:
[[0 0 0 1]
 [0 0 1 0]
 [1 1 0 1]
 [0 1 0 0]]
M_d:
[[0 0 1]
 [1 1 1]
 [0 1 0]]

M_u:
[[0 0 0 1]
 [0 1 1 0]
 [1 0 1 0]
 [0 1 0 0]]
M_d:
[[0 1 1]
 [0 0 1]
 [1 1 0]]

M_u:
[[0 0 0 1]
 [0 0 1 0]
 [1 1 0 1]
 [0 1 0 0]]
M_d:
[[0 1 1]
 [1 0 1]
 [1 0 0]]

M_u:
[[0 0 0 1]
 [0 0 1 0]
 [1 1 0 1]
 [0 1 0 0]]
M_d:
[[0 0 1]
 [0 1 1]
 [1 1 0]]

M_u:
[[0 0 0 1]
 [0 1 1 0]
 [1 0 1 0]
 [0 1 0 0]]
M_d:
[[1 1 1]
 [0 0 1]
 [0 1 0]]

M_u:
[[0 0 0 1]
 [0 0 1 0]
 [1 1 0 0]
 [0 1 0 1]]
M_d:
[[0 1 1]
 [0 0 1]
 [1 1 0]]

M_u:
[[0 0 0 1]
 [0 1 1 0]
 [1 0 1 0]
 [0 1 0 0]]
M_d:
[[0 0 1]
 [0 1 1]
 [1 0 1]]

M_u:
[[0 0 0 1]
 [0 0 1 1]
 [1 1 0 0]
 [0 1 0 0]]
M_d:
[[0 1 1]
 [0 0 1]
 [1 0 1]]

M_u:
[[0 0 0 1]
 [0 0 1 0]
 [1 1 0 0]
 [0 1 0 1]]
M_d:
[[0 1 1]
 [1 0 1]
 [0 1 0]]

M_u:
[[0 0 0 1]
 [0 1 1 0]
 [1 0 1 0]
 [0 1 0 0]]
M_d:
[[0 1 1]
 [0 0 1]
 [1 0 1]]

M_u:
[[0 0 0 1]
 [0 0 1 0]
 [1 1 0 1]
 [0 1 0 0]]
M_d:
[[0 1 1]
 [1 0 1]
 [0 0 1]]

M_u:
[[0 0 0 1]
 [0 0 1 0]
 [1 1 0 0]
 [0 1 0 1]]
M_d:
[[0 1 1]
 [0 0 1]
 [1 0 1]]

M_u:
[[0 0 0 1]
 [0 0 1 0]
 [1 1 0 0]
 [0 1 0 1]]
M_d:
[[0 0 1]
 [0 1 1]
 [1 1 0]]

M_u:
[[0 0 0 1]
 [0 0 1 0]
 [1 1 0 0]
 [0 1 0 1]]
M_d:
[[0 0 1]
 [0 1 1]
 [1 0 1]]

M_u:
[[0 0 0 1]
 [0 1 1 0]
 [1 0 1 0]
 [0 1 0 0]]
M_d:
[[0 0 1]
 [0 1 1]
 [1 1 0]]

M_u:
[[0 0 0 1]
 [0 1 1 0]
 [1 0 1 0]
 [0 1 0 0]]
M_d:
[[0 0 1]
 [1 1 1]
 [0 1 0]]

M_u:
[[0 0 0 1]
 [0 0 1 0]
 [1 1 0 1]
 [0 1 0 0]]
M_d:
[[0 1 1]
 [1 0 0]
 [1 0 1]]

M_u:
[[0 0 0 1]
 [0 0 1 0]
 [1 1 0 0]
 [0 1 0 1]]
M_d:
[[0 1 1]
 [1 0 1]
 [0 0 1]]

M_u:
[[0 0 0 1]
 [0 1 1 0]
 [1 0 1 0]
 [0 1 0 0]]
M_d:
[[0 1 1]
 [1 0 1]
 [1 0 0]]

M_u:
[[0 0 0 1]
 [0 0 1 1]
 [1 1 0 0]
 [0 1 0 0]]
M_d:
[[0 0 1]
 [1 1 1]
 [0 1 0]]

M_u:
[[0 0 0 1]
 [0 0 1 1]
 [1 1 0 0]
 [0 1 0 0]]
M_d:
[[0 1 1]
 [1 0 1]
 [0 1 0]]

M_u:
[[0 0 0 1]
 [0 0 1 1]
 [1 1 0 0]
 [0 1 0 0]]
M_d:
[[0 0 1]
 [0 1 1]
 [1 0 1]]

M_u:
[[0 0 0 1]
 [0 0 1 1]
 [1 1 0 0]
 [0 1 0 0]]
M_d:
[[0 0 1]
 [0 1 0]
 [1 1 1]]

M_u:
[[0 0 0 1]
 [0 0 1 1]
 [1 1 0 0]
 [0 1 0 0]]
M_d:
[[1 1 1]
 [0 0 1]
 [0 1 0]]

M_u:
[[0 0 0 1]
 [0 0 1 0]
 [0 1 0 1]
 [1 0 0 1]]
M_d:
[[0 1 1]
 [1 0 0]
 [1 0 1]]

M_u:
[[0 0 0 1]
 [0 0 1 1]
 [1 1 0 0]
 [0 1 0 0]]
M_d:
[[0 1 1]
 [1 0 1]
 [1 0 0]]

M_u:
[[0 0 0 1]
 [0 0 1 1]
 [1 1 0 0]
 [0 1 0 0]]
M_d:
[[0 0 1]
 [1 1 0]
 [0 1 1]]

M_u:
[[0 0 0 1]
 [0 0 1 0]
 [0 1 0 1]
 [1 0 1 0]]
M_d:
[[0 0 1]
 [0 1 0]
 [1 1 1]]

M_u:
[[0 0 0 1]
 [0 0 1 1]
 [1 1 0 0]
 [0 1 0 0]]
M_d:
[[0 0 1]
 [0 1 1]
 [1 1 0]]

M_u:
[[0 0 0 1]
 [0 0 1 0]
 [0 1 0 1]
 [1 0 0 1]]
M_d:
[[0 1 1]
 [0 0 1]
 [1 0 1]]

M_u:
[[0 0 0 1]
 [0 0 1 0]
 [0 1 0 1]
 [1 0 0 1]]
M_d:
[[0 1 1]
 [0 0 1]
 [1 1 0]]

M_u:
[[0 0 0 1]
 [0 0 1 0]
 [0 1 0 1]
 [1 0 0 1]]
M_d:
[[0 0 1]
 [1 1 0]
 [0 1 1]]

M_u:
[[0 0 0 1]
 [0 0 1 0]
 [1 1 0 0]
 [0 1 0 1]]
M_d:
[[1 1 1]
 [0 0 1]
 [0 1 0]]

M_u:
[[0 0 0 1]
 [0 0 1 0]
 [0 1 0 1]
 [1 0 0 1]]
M_d:
[[0 1 1]
 [1 0 1]
 [0 1 0]]

M_u:
[[0 0 0 1]
 [0 0 1 0]
 [0 1 0 1]
 [1 1 0 0]]
M_d:
[[0 0 1]
 [1 1 0]
 [0 1 1]]

M_u:
[[0 0 0 1]
 [0 0 1 0]
 [1 1 0 0]
 [0 1 0 1]]
M_d:
[[0 1 1]
 [1 0 1]
 [1 0 0]]

M_u:
[[0 0 0 1]
 [0 0 1 0]
 [0 1 0 0]
 [1 0 1 1]]
M_d:
[[0 0 1]
 [1 1 1]
 [0 1 0]]

M_u:
[[0 0 0 1]
 [0 0 1 0]
 [0 1 0 0]
 [1 0 1 1]]
M_d:
[[0 1 1]
 [1 0 1]
 [0 0 1]]

M_u:
[[0 0 0 1]
 [0 0 1 0]
 [0 1 0 1]
 [1 1 0 0]]
M_d:
[[0 1 1]
 [1 0 1]
 [1 0 0]]

M_u:
[[0 0 0 1]
 [0 0 1 0]
 [0 1 0 1]
 [1 0 0 1]]
M_d:
[[0 0 1]
 [0 1 1]
 [1 0 1]]

M_u:
[[0 0 0 1]
 [0 0 1 0]
 [0 1 0 1]
 [1 0 1 0]]
M_d:
[[0 0 1]
 [1 1 0]
 [0 1 1]]

M_u:
[[0 0 0 1]
 [0 0 1 0]
 [0 1 0 1]
 [1 0 1 0]]
M_d:
[[0 0 1]
 [0 1 1]
 [1 0 1]]

M_u:
[[0 0 0 1]
 [0 0 1 0]
 [1 1 0 0]
 [0 1 0 1]]
M_d:
[[0 0 1]
 [1 1 0]
 [0 1 1]]

M_u:
[[0 0 0 1]
 [0 0 1 0]
 [0 1 0 0]
 [1 0 1 1]]
M_d:
[[0 0 1]
 [0 1 1]
 [1 1 0]]

M_u:
[[0 0 0 1]
 [0 0 1 0]
 [0 1 0 1]
 [1 0 1 0]]
M_d:
[[0 1 1]
 [1 0 1]
 [1 0 0]]

M_u:
[[0 0 0 1]
 [0 0 1 0]
 [0 1 0 1]
 [1 0 1 0]]
M_d:
[[0 0 1]
 [0 1 1]
 [1 1 0]]

M_u:
[[0 0 0 1]
 [0 0 1 0]
 [0 1 0 1]
 [1 0 0 1]]
M_d:
[[0 0 1]
 [1 1 1]
 [0 1 0]]

M_u:
[[0 0 0 1]
 [0 0 1 0]
 [0 1 0 1]
 [1 0 1 0]]
M_d:
[[0 1 1]
 [0 0 1]
 [1 0 1]]

M_u:
[[0 0 0 1]
 [0 1 1 0]
 [1 0 1 0]
 [0 1 0 0]]
M_d:
[[0 0 1]
 [0 1 0]
 [1 1 1]]

M_u:
[[0 0 0 1]
 [0 0 1 0]
 [1 1 0 1]
 [0 1 0 0]]
M_d:
[[0 0 1]
 [0 1 0]
 [1 1 1]]

M_u:
[[0 0 0 1]
 [0 1 1 0]
 [1 0 1 0]
 [0 1 0 0]]
M_d:
[[0 1 1]
 [1 0 1]
 [0 0 1]]

M_u:
[[0 0 0 1]
 [0 0 1 0]
 [0 1 0 1]
 [1 0 1 0]]
M_d:
[[1 1 1]
 [0 0 1]
 [0 1 0]]

M_u:
[[0 0 0 1]
 [0 0 1 0]
 [0 1 0 1]
 [1 1 0 0]]
M_d:
[[0 1 1]
 [1 0 1]
 [0 0 1]]

M_u:
[[0 0 0 1]
 [0 0 1 0]
 [0 1 0 1]
 [1 0 1 0]]
M_d:
[[0 1 1]
 [1 0 0]
 [1 0 1]]

M_u:
[[0 0 0 1]
 [0 0 1 0]
 [0 1 0 1]
 [1 1 0 0]]
M_d:
[[1 1 1]
 [0 0 1]
 [0 1 0]]

M_u:
[[0 0 0 1]
 [0 0 1 0]
 [1 1 0 1]
 [0 1 0 0]]
M_d:
[[0 0 1]
 [0 1 1]
 [1 0 1]]

M_u:
[[0 0 0 1]
 [0 0 1 0]
 [1 1 0 1]
 [0 1 0 0]]
M_d:
[[0 1 1]
 [0 0 1]
 [1 1 0]]

M_u:
[[0 0 0 1]
 [0 0 1 0]
 [1 1 0 1]
 [0 1 0 0]]
M_d:
[[0 1 1]
 [1 0 1]
 [0 1 0]]

M_u:
[[0 0 0 1]
 [0 0 1 0]
 [0 1 0 1]
 [1 0 1 0]]
M_d:
[[0 1 1]
 [1 0 1]
 [0 0 1]]

M_u:
[[0 0 0 1]
 [0 0 1 1]
 [1 1 0 0]
 [0 1 0 0]]
M_d:
[[0 1 1]
 [1 0 0]
 [1 0 1]]

M_u:
[[0 0 0 1]
 [0 0 1 0]
 [0 1 0 1]
 [1 1 0 0]]
M_d:
[[0 1 1]
 [1 0 0]
 [1 0 1]]

M_u:
[[0 0 0 1]
 [0 0 1 0]
 [0 1 0 0]
 [1 0 1 1]]
M_d:
[[0 1 1]
 [1 0 1]
 [0 1 0]]

M_u:
[[0 0 0 1]
 [0 0 1 0]
 [0 1 0 1]
 [1 0 1 0]]
M_d:
[[0 0 1]
 [1 1 1]
 [0 1 0]]

M_u:
[[0 0 0 1]
 [0 0 1 0]
 [0 1 0 1]
 [1 1 0 0]]
M_d:
[[0 0 1]
 [0 1 1]
 [1 0 1]]

M_u:
[[0 0 0 1]
 [0 0 1 0]
 [0 1 0 1]
 [1 0 1 0]]
M_d:
[[0 1 1]
 [1 0 1]
 [0 1 0]]

M_u:
[[0 0 0 1]
 [0 0 1 0]
 [0 1 0 1]
 [1 0 0 1]]
M_d:
[[0 1 1]
 [1 0 1]
 [1 0 0]]

M_u:
[[0 0 0 1]
 [0 0 1 0]
 [1 1 0 1]
 [0 1 0 0]]
M_d:
[[0 1 1]
 [0 0 1]
 [1 0 1]]

M_u:
[[0 0 0 1]
 [0 0 1 0]
 [0 1 0 1]
 [1 1 0 0]]
M_d:
[[0 1 1]
 [1 0 1]
 [0 1 0]]

M_u:
[[0 0 0 1]
 [0 0 1 0]
 [1 1 0 1]
 [0 1 0 0]]
M_d:
[[1 1 1]
 [0 0 1]
 [0 1 0]]

M_u:
[[0 0 0 1]
 [0 0 1 0]
 [0 1 0 1]
 [1 1 0 0]]
M_d:
[[0 1 1]
 [0 0 1]
 [1 0 1]]

M_u:
[[0 0 0 1]
 [0 0 1 0]
 [0 1 0 1]
 [1 0 0 1]]
M_d:
[[1 1 1]
 [0 0 1]
 [0 1 0]]

M_u:
[[0 0 0 1]
 [0 0 1 0]
 [1 1 0 1]
 [0 1 0 0]]
M_d:
[[0 0 1]
 [1 1 0]
 [0 1 1]]

M_u:
[[0 0 0 1]
 [0 0 1 0]
 [0 1 0 1]
 [1 1 0 0]]
M_d:
[[0 0 1]
 [0 1 1]
 [1 1 0]]

M_u:
[[0 0 0 1]
 [0 0 1 0]
 [0 1 0 1]
 [1 0 1 0]]
M_d:
[[0 1 1]
 [0 0 1]
 [1 1 0]]

M_u:
[[0 0 0 1]
 [0 1 1 0]
 [1 0 1 0]
 [0 1 0 0]]
M_d:
[[0 1 1]
 [1 0 1]
 [0 1 0]]

M_u:
[[0 0 0 1]
 [0 0 1 0]
 [0 1 0 1]
 [1 1 0 0]]
M_d:
[[0 0 1]
 [0 1 0]
 [1 1 1]]

M_u:
[[0 0 0 1]
 [0 0 1 0]
 [0 1 0 1]
 [1 1 0 0]]
M_d:
[[0 0 1]
 [1 1 1]
 [0 1 0]]

M_u:
[[0 0 0 1]
 [0 0 1 0]
 [0 1 0 0]
 [1 0 1 1]]
M_d:
[[0 0 1]
 [1 1 0]
 [0 1 1]]

M_u:
[[0 0 0 1]
 [0 0 1 0]
 [0 1 0 1]
 [1 0 0 1]]
M_d:
[[0 1 1]
 [1 0 1]
 [0 0 1]]

M_u:
[[0 0 0 1]
 [0 0 1 0]
 [0 1 0 1]
 [1 0 0 1]]
M_d:
[[0 0 1]
 [0 1 1]
 [1 1 0]]

M_u:
[[0 0 0 1]
 [0 0 1 0]
 [0 1 0 0]
 [1 0 1 1]]
M_d:
[[0 0 1]
 [0 1 0]
 [1 1 1]]

M_u:
[[0 0 0 1]
 [0 0 1 0]
 [1 1 0 0]
 [0 1 0 1]]
M_d:
[[0 0 1]
 [0 1 0]
 [1 1 1]]

M_u:
[[0 0 0 1]
 [0 0 1 0]
 [1 1 0 0]
 [0 1 0 1]]
M_d:
[[0 1 1]
 [1 0 0]
 [1 0 1]]

M_u:
[[0 0 0 1]
 [0 0 1 0]
 [0 1 0 0]
 [1 0 1 1]]
M_d:
[[0 0 1]
 [0 1 1]
 [1 0 1]]

M_u:
[[0 0 0 1]
 [0 0 1 0]
 [0 1 0 1]
 [1 0 0 1]]
M_d:
[[0 0 1]
 [0 1 0]
 [1 1 1]]

THERE ARE 91 PAIRS WITH (10,4) TEXTURE ZEROS

PAIRS WITH (9,5) TEXTURE ZEROS FOR (M_u, M_d):

M_u:
[[0 0 0 1]
 [0 0 1 0]
 [0 1 0 1]
 [1 1 1 0]]
M_d:
[[0 0 1]
 [0 1 0]
 [1 0 1]]

M_u:
[[0 0 0 1]
 [0 0 1 0]
 [0 1 0 0]
 [1 1 1 1]]
M_d:
[[0 0 1]
 [0 1 0]
 [1 0 1]]

M_u:
[[0 0 0 1]
 [0 1 1 0]
 [1 0 1 1]
 [0 1 0 0]]
M_d:
[[0 0 1]
 [0 1 0]
 [1 1 0]]

M_u:
[[0 0 0 1]
 [0 0 1 1]
 [1 1 1 0]
 [0 1 0 0]]
M_d:
[[0 0 1]
 [0 1 0]
 [1 0 1]]

M_u:
[[0 0 0 1]
 [0 1 1 0]
 [1 0 1 1]
 [1 0 0 0]]
M_d:
[[0 0 1]
 [0 1 1]
 [1 0 0]]

M_u:
[[0 0 1 1]
 [0 1 0 1]
 [1 0 0 1]
 [0 0 1 0]]
M_d:
[[0 0 1]
 [0 1 0]
 [1 1 0]]

M_u:
[[0 0 0 1]
 [0 1 1 0]
 [1 0 1 1]
 [0 1 0 0]]
M_d:
[[0 1 1]
 [1 0 0]
 [0 0 1]]

M_u:
[[0 0 0 1]
 [0 0 1 1]
 [0 1 1 0]
 [1 1 0 0]]
M_d:
[[0 1 1]
 [0 0 1]
 [1 0 0]]

M_u:
[[0 0 0 1]
 [0 1 1 0]
 [1 0 1 1]
 [0 1 0 0]]
M_d:
[[0 0 1]
 [0 1 0]
 [1 0 1]]

M_u:
[[0 0 1 1]
 [0 1 0 1]
 [1 0 0 1]
 [0 0 1 0]]
M_d:
[[0 0 1]
 [0 1 0]
 [1 0 1]]

M_u:
[[0 0 0 1]
 [0 0 1 1]
 [1 1 0 1]
 [0 1 0 0]]
M_d:
[[0 1 1]
 [0 0 1]
 [1 0 0]]

M_u:
[[0 0 1 1]
 [0 1 0 1]
 [1 0 1 0]
 [0 1 0 0]]
M_d:
[[0 1 1]
 [0 0 1]
 [1 0 0]]

M_u:
[[0 0 0 1]
 [0 0 1 1]
 [1 1 1 0]
 [0 1 0 0]]
M_d:
[[0 0 1]
 [0 1 0]
 [1 1 0]]

M_u:
[[0 0 0 1]
 [0 1 1 0]
 [1 0 1 1]
 [0 1 0 0]]
M_d:
[[0 1 1]
 [0 0 1]
 [1 0 0]]

M_u:
[[0 0 0 1]
 [0 0 1 1]
 [1 1 0 0]
 [0 1 0 1]]
M_d:
[[0 0 1]
 [0 1 1]
 [1 0 0]]

M_u:
[[0 0 0 1]
 [0 0 1 1]
 [1 1 0 0]
 [0 1 1 0]]
M_d:
[[0 0 1]
 [0 1 1]
 [1 0 0]]

M_u:
[[0 0 0 1]
 [0 0 1 0]
 [1 1 0 0]
 [0 1 1 1]]
M_d:
[[0 0 1]
 [0 1 1]
 [1 0 0]]

M_u:
[[0 0 0 1]
 [0 0 1 0]
 [0 1 0 1]
 [1 0 1 1]]
M_d:
[[0 0 1]
 [0 1 0]
 [1 1 0]]

M_u:
[[0 0 0 1]
 [0 1 1 0]
 [1 0 1 0]
 [0 0 1 1]]
M_d:
[[0 0 1]
 [0 1 0]
 [1 1 0]]

M_u:
[[0 0 0 1]
 [0 0 1 1]
 [1 1 0 0]
 [0 1 1 0]]
M_d:
[[0 1 1]
 [0 0 1]
 [1 0 0]]

M_u:
[[0 0 0 1]
 [0 1 1 0]
 [1 0 1 0]
 [0 1 0 1]]
M_d:
[[0 0 1]
 [0 1 0]
 [1 1 0]]

M_u:
[[0 0 1 1]
 [0 1 0 1]
 [1 0 1 0]
 [0 1 0 0]]
M_d:
[[0 0 1]
 [0 1 1]
 [1 0 0]]

M_u:
[[0 0 0 1]
 [0 1 1 0]
 [1 0 1 1]
 [0 1 0 0]]
M_d:
[[0 0 1]
 [1 1 0]
 [0 1 0]]

M_u:
[[0 0 0 1]
 [0 1 1 0]
 [1 0 1 0]
 [0 1 0 1]]
M_d:
[[0 1 1]
 [1 0 0]
 [0 0 1]]

M_u:
[[0 0 0 1]
 [0 0 1 1]
 [0 1 1 0]
 [1 1 0 0]]
M_d:
[[0 0 1]
 [0 1 0]
 [1 0 1]]

M_u:
[[0 0 0 1]
 [0 0 1 1]
 [1 1 1 0]
 [0 1 0 0]]
M_d:
[[0 1 1]
 [1 0 0]
 [0 0 1]]

M_u:
[[0 0 0 1]
 [0 0 1 1]
 [1 1 1 0]
 [0 1 0 0]]
M_d:
[[0 0 1]
 [1 1 0]
 [0 1 0]]

M_u:
[[0 0 0 1]
 [0 0 1 1]
 [1 1 0 0]
 [0 1 1 0]]
M_d:
[[0 0 1]
 [1 1 0]
 [0 1 0]]

M_u:
[[0 0 0 1]
 [0 0 1 0]
 [0 1 0 1]
 [1 1 1 0]]
M_d:
[[0 1 1]
 [1 0 0]
 [0 0 1]]

M_u:
[[0 0 0 1]
 [0 0 1 1]
 [1 1 0 1]
 [0 1 0 0]]
M_d:
[[0 0 1]
 [1 1 0]
 [0 1 0]]

M_u:
[[0 0 0 1]
 [0 0 1 0]
 [1 1 1 1]
 [0 1 0 0]]
M_d:
[[0 0 1]
 [0 1 1]
 [1 0 0]]

M_u:
[[0 0 0 1]
 [0 0 1 1]
 [0 1 0 1]
 [1 0 1 0]]
M_d:
[[0 1 1]
 [1 0 0]
 [0 0 1]]

M_u:
[[0 0 0 1]
 [0 0 1 1]
 [1 1 1 0]
 [0 1 0 0]]
M_d:
[[0 1 1]
 [0 0 1]
 [1 0 0]]

M_u:
[[0 0 1 1]
 [0 1 0 1]
 [1 0 1 0]
 [0 1 0 0]]
M_d:
[[0 1 1]
 [1 0 0]
 [0 0 1]]

M_u:
[[0 0 0 1]
 [0 0 1 1]
 [1 1 0 1]
 [0 1 0 0]]
M_d:
[[0 0 1]
 [0 1 1]
 [1 0 0]]

M_u:
[[0 0 0 1]
 [0 0 1 0]
 [1 1 0 1]
 [0 1 1 0]]
M_d:
[[0 0 1]
 [0 1 0]
 [1 0 1]]

M_u:
[[0 0 0 1]
 [0 0 1 0]
 [1 1 0 0]
 [0 1 1 1]]
M_d:
[[0 0 1]
 [0 1 0]
 [1 0 1]]

M_u:
[[0 0 0 1]
 [0 0 1 0]
 [0 1 0 1]
 [1 0 1 1]]
M_d:
[[0 0 1]
 [1 1 0]
 [0 1 0]]

M_u:
[[0 0 0 1]
 [0 0 1 1]
 [1 1 0 0]
 [0 1 0 1]]
M_d:
[[0 0 1]
 [0 1 0]
 [1 0 1]]

M_u:
[[0 0 1 1]
 [0 1 0 1]
 [1 0 0 1]
 [0 0 1 0]]
M_d:
[[0 1 1]
 [0 0 1]
 [1 0 0]]

M_u:
[[0 0 0 1]
 [0 0 1 0]
 [1 1 0 1]
 [0 1 1 0]]
M_d:
[[0 0 1]
 [0 1 0]
 [1 1 0]]

M_u:
[[0 0 0 1]
 [0 1 1 0]
 [1 0 1 0]
 [0 1 0 1]]
M_d:
[[0 0 1]
 [0 1 1]
 [1 0 0]]

M_u:
[[0 0 0 1]
 [0 0 1 1]
 [1 1 0 0]
 [0 1 1 0]]
M_d:
[[0 1 1]
 [1 0 0]
 [0 0 1]]

M_u:
[[0 0 0 1]
 [0 0 1 1]
 [1 1 0 0]
 [0 1 0 1]]
M_d:
[[0 0 1]
 [1 1 0]
 [0 1 0]]

M_u:
[[0 0 0 1]
 [0 0 1 1]
 [1 1 0 0]
 [0 1 1 0]]
M_d:
[[0 0 1]
 [0 1 0]
 [1 1 0]]

M_u:
[[0 0 0 1]
 [0 1 1 0]
 [1 0 1 0]
 [0 1 0 1]]
M_d:
[[0 0 1]
 [1 1 0]
 [0 1 0]]

M_u:
[[0 0 0 1]
 [0 1 1 0]
 [1 0 1 0]
 [0 0 1 1]]
M_d:
[[0 0 1]
 [0 1 0]
 [1 0 1]]

M_u:
[[0 0 0 1]
 [0 0 1 1]
 [1 1 1 0]
 [0 1 0 0]]
M_d:
[[0 0 1]
 [0 1 1]
 [1 0 0]]

M_u:
[[0 0 0 1]
 [0 1 1 0]
 [1 0 1 1]
 [1 0 0 0]]
M_d:
[[0 1 1]
 [0 0 1]
 [1 0 0]]

M_u:
[[0 0 1 1]
 [0 1 0 1]
 [1 0 1 0]
 [0 1 0 0]]
M_d:
[[0 0 1]
 [0 1 0]
 [1 0 1]]

M_u:
[[0 0 0 1]
 [0 0 1 0]
 [1 1 0 0]
 [0 1 1 1]]
M_d:
[[0 0 1]
 [1 1 0]
 [0 1 0]]

M_u:
[[0 0 0 1]
 [0 0 1 1]
 [0 1 1 0]
 [1 0 1 0]]
M_d:
[[0 1 1]
 [1 0 0]
 [0 0 1]]

M_u:
[[0 0 0 1]
 [0 0 1 1]
 [0 1 0 1]
 [1 0 1 0]]
M_d:
[[0 0 1]
 [1 1 0]
 [0 1 0]]

M_u:
[[0 0 0 1]
 [0 0 1 0]
 [0 1 0 1]
 [1 0 1 1]]
M_d:
[[0 0 1]
 [0 1 0]
 [1 0 1]]

M_u:
[[0 0 0 1]
 [0 1 1 0]
 [1 0 1 0]
 [0 1 0 1]]
M_d:
[[0 0 1]
 [0 1 0]
 [1 0 1]]

M_u:
[[0 0 0 1]
 [0 0 1 1]
 [0 1 1 0]
 [1 0 0 1]]
M_d:
[[0 1 1]
 [1 0 0]
 [0 0 1]]

M_u:
[[0 0 0 1]
 [0 0 1 0]
 [0 1 0 1]
 [1 1 1 0]]
M_d:
[[0 0 1]
 [1 1 0]
 [0 1 0]]

M_u:
[[0 0 0 1]
 [0 0 1 0]
 [1 1 0 1]
 [0 1 1 0]]
M_d:
[[0 0 1]
 [1 1 0]
 [0 1 0]]

M_u:
[[0 0 0 1]
 [0 1 1 0]
 [1 0 1 1]
 [0 1 0 0]]
M_d:
[[0 0 1]
 [0 1 1]
 [1 0 0]]

M_u:
[[0 0 0 1]
 [0 0 1 1]
 [0 1 0 1]
 [1 0 1 0]]
M_d:
[[0 1 1]
 [0 0 1]
 [1 0 0]]

M_u:
[[0 0 1 1]
 [0 1 0 1]
 [1 0 1 0]
 [0 1 0 0]]
M_d:
[[0 0 1]
 [1 1 0]
 [0 1 0]]

M_u:
[[0 0 0 1]
 [0 0 1 0]
 [0 1 1 1]
 [1 0 0 1]]
M_d:
[[0 0 1]
 [0 1 1]
 [1 0 0]]

M_u:
[[0 0 0 1]
 [0 0 1 0]
 [0 1 0 1]
 [1 1 1 0]]
M_d:
[[0 0 1]
 [0 1 1]
 [1 0 0]]

M_u:
[[0 0 0 1]
 [0 1 1 0]
 [1 0 1 1]
 [1 0 0 0]]
M_d:
[[0 0 1]
 [1 1 0]
 [0 1 0]]

M_u:
[[0 0 0 1]
 [0 1 1 0]
 [1 0 1 1]
 [1 0 0 0]]
M_d:
[[0 0 1]
 [0 1 0]
 [1 1 0]]

M_u:
[[0 0 0 1]
 [0 0 1 1]
 [0 1 1 0]
 [1 0 1 0]]
M_d:
[[0 0 1]
 [0 1 0]
 [1 0 1]]

M_u:
[[0 0 0 1]
 [0 0 1 1]
 [0 1 1 0]
 [1 1 0 0]]
M_d:
[[0 0 1]
 [0 1 1]
 [1 0 0]]

M_u:
[[0 0 0 1]
 [0 0 1 1]
 [0 1 1 0]
 [1 1 0 0]]
M_d:
[[0 0 1]
 [1 1 0]
 [0 1 0]]

M_u:
[[0 0 0 1]
 [0 0 1 0]
 [0 1 1 1]
 [1 1 0 0]]
M_d:
[[0 0 1]
 [0 1 0]
 [1 0 1]]

M_u:
[[0 0 0 1]
 [0 0 1 1]
 [0 1 1 0]
 [1 0 0 1]]
M_d:
[[0 0 1]
 [1 1 0]
 [0 1 0]]

M_u:
[[0 0 0 1]
 [0 0 1 1]
 [0 1 1 0]
 [1 0 0 1]]
M_d:
[[0 0 1]
 [0 1 1]
 [1 0 0]]

M_u:
[[0 0 0 1]
 [0 0 1 1]
 [1 1 0 1]
 [0 1 0 0]]
M_d:
[[0 1 1]
 [1 0 0]
 [0 0 1]]

M_u:
[[0 0 0 1]
 [0 0 1 1]
 [0 1 1 0]
 [1 0 1 0]]
M_d:
[[0 1 1]
 [0 0 1]
 [1 0 0]]

M_u:
[[0 0 1 1]
 [0 1 0 1]
 [1 0 1 0]
 [0 1 0 0]]
M_d:
[[0 0 1]
 [0 1 0]
 [1 1 0]]

M_u:
[[0 0 0 1]
 [0 1 1 0]
 [1 0 1 1]
 [1 0 0 0]]
M_d:
[[0 0 1]
 [0 1 0]
 [1 0 1]]

M_u:
[[0 0 0 1]
 [0 0 1 0]
 [0 1 1 1]
 [1 1 0 0]]
M_d:
[[0 0 1]
 [0 1 1]
 [1 0 0]]

M_u:
[[0 0 0 1]
 [0 1 1 0]
 [1 0 1 1]
 [1 0 0 0]]
M_d:
[[0 1 1]
 [1 0 0]
 [0 0 1]]

M_u:
[[0 0 0 1]
 [0 0 1 1]
 [0 1 1 0]
 [1 1 0 0]]
M_d:
[[0 0 1]
 [0 1 0]
 [1 1 0]]

M_u:
[[0 0 0 1]
 [0 0 1 0]
 [1 1 1 1]
 [0 1 0 0]]
M_d:
[[0 0 1]
 [1 1 0]
 [0 1 0]]

M_u:
[[0 0 0 1]
 [0 0 1 1]
 [1 1 0 1]
 [0 1 0 0]]
M_d:
[[0 0 1]
 [0 1 0]
 [1 0 1]]

M_u:
[[0 0 0 1]
 [0 0 1 1]
 [1 1 0 1]
 [0 1 0 0]]
M_d:
[[0 0 1]
 [0 1 0]
 [1 1 0]]

M_u:
[[0 0 0 1]
 [0 0 1 1]
 [0 1 1 0]
 [1 1 0 0]]
M_d:
[[0 1 1]
 [1 0 0]
 [0 0 1]]

M_u:
[[0 0 0 1]
 [0 0 1 0]
 [0 1 1 1]
 [1 1 0 0]]
M_d:
[[0 0 1]
 [1 1 0]
 [0 1 0]]

M_u:
[[0 0 0 1]
 [0 0 1 1]
 [1 1 0 0]
 [0 1 0 1]]
M_d:
[[0 1 1]
 [1 0 0]
 [0 0 1]]

M_u:
[[0 0 0 1]
 [0 0 1 1]
 [0 1 0 1]
 [1 0 1 0]]
M_d:
[[0 0 1]
 [0 1 0]
 [1 0 1]]

M_u:
[[0 0 0 1]
 [0 0 1 1]
 [0 1 0 1]
 [1 0 0 1]]
M_d:
[[0 0 1]
 [0 1 0]
 [1 1 0]]

M_u:
[[0 0 0 1]
 [0 0 1 1]
 [1 1 0 0]
 [0 1 0 1]]
M_d:
[[0 0 1]
 [0 1 0]
 [1 1 0]]

M_u:
[[0 0 0 1]
 [0 0 1 0]
 [0 1 1 1]
 [1 0 0 1]]
M_d:
[[0 0 1]
 [0 1 0]
 [1 0 1]]

M_u:
[[0 0 0 1]
 [0 0 1 1]
 [0 1 1 0]
 [1 0 1 0]]
M_d:
[[0 0 1]
 [0 1 1]
 [1 0 0]]

M_u:
[[0 0 0 1]
 [0 0 1 1]
 [0 1 0 1]
 [1 0 1 0]]
M_d:
[[0 0 1]
 [0 1 1]
 [1 0 0]]

M_u:
[[0 0 0 1]
 [0 0 1 0]
 [0 1 1 1]
 [1 0 0 1]]
M_d:
[[0 0 1]
 [1 1 0]
 [0 1 0]]

M_u:
[[0 0 0 1]
 [0 0 1 0]
 [0 1 0 1]
 [1 0 1 1]]
M_d:
[[0 1 1]
 [1 0 0]
 [0 0 1]]

M_u:
[[0 0 0 1]
 [0 0 1 1]
 [0 1 1 0]
 [1 0 1 0]]
M_d:
[[0 0 1]
 [0 1 0]
 [1 1 0]]

M_u:
[[0 0 0 1]
 [0 0 1 1]
 [0 1 1 0]
 [1 0 0 1]]
M_d:
[[0 1 1]
 [0 0 1]
 [1 0 0]]

M_u:
[[0 0 0 1]
 [0 0 1 0]
 [0 1 0 1]
 [1 1 1 0]]
M_d:
[[0 0 1]
 [0 1 0]
 [1 1 0]]

M_u:
[[0 0 0 1]
 [0 1 1 0]
 [1 0 1 0]
 [0 1 0 1]]
M_d:
[[0 1 1]
 [0 0 1]
 [1 0 0]]

M_u:
[[0 0 0 1]
 [0 0 1 1]
 [1 1 0 0]
 [0 1 1 0]]
M_d:
[[0 0 1]
 [0 1 0]
 [1 0 1]]

M_u:
[[0 0 0 1]
 [0 0 1 0]
 [0 1 1 1]
 [1 0 0 1]]
M_d:
[[0 1 1]
 [0 0 1]
 [1 0 0]]

M_u:
[[0 0 0 1]
 [0 0 1 0]
 [0 1 0 1]
 [1 0 1 1]]
M_d:
[[0 0 1]
 [0 1 1]
 [1 0 0]]

M_u:
[[0 0 0 1]
 [0 1 1 0]
 [1 0 1 0]
 [0 0 1 1]]
M_d:
[[0 1 1]
 [0 0 1]
 [1 0 0]]

M_u:
[[0 0 0 1]
 [0 0 1 1]
 [0 1 1 0]
 [1 0 1 0]]
M_d:
[[0 0 1]
 [1 1 0]
 [0 1 0]]

M_u:
[[0 0 0 1]
 [0 0 1 1]
 [0 1 0 1]
 [1 0 1 0]]
M_d:
[[0 0 1]
 [0 1 0]
 [1 1 0]]

M_u:
[[0 0 0 1]
 [0 0 1 1]
 [0 1 0 1]
 [1 0 0 1]]
M_d:
[[0 1 1]
 [0 0 1]
 [1 0 0]]

M_u:
[[0 0 0 1]
 [0 0 1 1]
 [0 1 1 0]
 [1 0 0 1]]
M_d:
[[0 0 1]
 [0 1 0]
 [1 1 0]]

M_u:
[[0 0 0 1]
 [0 0 1 0]
 [0 1 0 1]
 [1 0 1 1]]
M_d:
[[0 1 1]
 [0 0 1]
 [1 0 0]]

M_u:
[[0 0 0 1]
 [0 0 1 0]
 [0 1 0 1]
 [1 1 1 0]]
M_d:
[[0 1 1]
 [0 0 1]
 [1 0 0]]

M_u:
[[0 0 0 1]
 [0 0 1 0]
 [1 1 0 1]
 [0 1 1 0]]
M_d:
[[0 1 1]
 [0 0 1]
 [1 0 0]]

M_u:
[[0 0 0 1]
 [0 0 1 0]
 [1 1 0 1]
 [0 1 1 0]]
M_d:
[[0 1 1]
 [1 0 0]
 [0 0 1]]

M_u:
[[0 0 0 1]
 [0 0 1 1]
 [1 1 0 0]
 [0 1 0 1]]
M_d:
[[0 1 1]
 [0 0 1]
 [1 0 0]]

M_u:
[[0 0 0 1]
 [0 0 1 0]
 [1 1 0 1]
 [0 1 1 0]]
M_d:
[[0 0 1]
 [0 1 1]
 [1 0 0]]

M_u:
[[0 0 0 1]
 [0 0 1 0]
 [1 1 1 1]
 [0 1 0 0]]
M_d:
[[0 0 1]
 [0 1 0]
 [1 0 1]]

M_u:
[[0 0 0 1]
 [0 0 1 0]
 [0 1 1 1]
 [1 0 0 1]]
M_d:
[[0 0 1]
 [0 1 0]
 [1 1 0]]

M_u:
[[0 0 0 1]
 [0 0 1 1]
 [0 1 1 0]
 [1 0 0 1]]
M_d:
[[0 0 1]
 [0 1 0]
 [1 0 1]]

M_u:
[[0 0 0 1]
 [0 0 1 1]
 [0 1 0 1]
 [1 0 0 1]]
M_d:
[[0 0 1]
 [0 1 0]
 [1 0 1]]

M_u:
[[0 0 0 1]
 [0 0 1 0]
 [0 1 1 1]
 [1 0 0 1]]
M_d:
[[0 1 1]
 [1 0 0]
 [0 0 1]]

THERE ARE 115 PAIRS WITH (9,5) TEXTURE ZEROS

PAIRS WITH (8,6) TEXTURE ZEROS FOR (M_u, M_d):

M_u:
[[0 0 1 1]
 [0 0 1 1]
 [1 1 0 1]
 [0 1 0 0]]
M_d:
[[0 0 1]
 [0 1 0]
 [1 0 0]]

M_u:
[[0 0 1 1]
 [0 1 0 1]
 [1 0 1 1]
 [1 0 0 0]]
M_d:
[[0 0 1]
 [0 1 0]
 [1 0 0]]

M_u:
[[0 0 0 1]
 [0 1 1 1]
 [1 0 1 1]
 [0 1 0 0]]
M_d:
[[0 0 1]
 [0 1 0]
 [1 0 0]]

M_u:
[[0 0 0 1]
 [0 0 1 1]
 [1 1 0 0]
 [0 1 1 1]]
M_d:
[[0 0 1]
 [0 1 0]
 [1 0 0]]

M_u:
[[0 0 0 1]
 [0 0 1 1]
 [1 1 0 1]
 [0 1 1 0]]
M_d:
[[0 0 1]
 [0 1 0]
 [1 0 0]]

M_u:
[[0 0 0 1]
 [0 1 1 0]
 [1 0 1 1]
 [0 1 0 1]]
M_d:
[[0 0 1]
 [0 1 0]
 [1 0 0]]

M_u:
[[0 0 1 1]
 [0 0 1 1]
 [1 1 0 0]
 [0 1 0 1]]
M_d:
[[0 0 1]
 [0 1 0]
 [1 0 0]]

M_u:
[[0 0 0 1]
 [0 0 1 1]
 [1 1 1 0]
 [0 1 0 1]]
M_d:
[[0 0 1]
 [0 1 0]
 [1 0 0]]

M_u:
[[0 0 1 1]
 [0 1 0 1]
 [1 0 0 1]
 [0 1 1 0]]
M_d:
[[0 0 1]
 [0 1 0]
 [1 0 0]]

M_u:
[[0 0 0 1]
 [0 0 1 0]
 [0 1 0 1]
 [1 1 1 1]]
M_d:
[[0 0 1]
 [0 1 0]
 [1 0 0]]

M_u:
[[0 0 1 1]
 [0 1 0 1]
 [1 0 1 1]
 [0 1 0 0]]
M_d:
[[0 0 1]
 [0 1 0]
 [1 0 0]]

M_u:
[[0 0 1 1]
 [0 1 0 1]
 [1 0 1 0]
 [0 1 1 0]]
M_d:
[[0 0 1]
 [0 1 0]
 [1 0 0]]

M_u:
[[0 0 0 1]
 [0 1 1 0]
 [1 1 1 0]
 [0 0 1 1]]
M_d:
[[0 0 1]
 [0 1 0]
 [1 0 0]]

M_u:
[[0 0 0 1]
 [0 0 1 1]
 [0 1 1 0]
 [1 1 0 1]]
M_d:
[[0 0 1]
 [0 1 0]
 [1 0 0]]

M_u:
[[0 0 0 1]
 [0 0 1 1]
 [0 1 1 0]
 [1 0 1 1]]
M_d:
[[0 0 1]
 [0 1 0]
 [1 0 0]]

M_u:
[[0 0 0 1]
 [0 0 1 0]
 [1 1 0 1]
 [0 1 1 1]]
M_d:
[[0 0 1]
 [0 1 0]
 [1 0 0]]

M_u:
[[0 0 0 1]
 [0 0 1 1]
 [1 1 1 1]
 [0 1 0 0]]
M_d:
[[0 0 1]
 [0 1 0]
 [1 0 0]]

M_u:
[[0 0 0 1]
 [0 1 1 0]
 [0 1 1 0]
 [1 0 1 1]]
M_d:
[[0 0 1]
 [0 1 0]
 [1 0 0]]

M_u:
[[0 0 1 1]
 [0 0 1 1]
 [0 1 0 1]
 [1 1 0 0]]
M_d:
[[0 0 1]
 [0 1 0]
 [1 0 0]]

M_u:
[[0 0 1 1]
 [0 0 1 1]
 [0 1 0 1]
 [1 0 0 1]]
M_d:
[[0 0 1]
 [0 1 0]
 [1 0 0]]

M_u:
[[0 0 0 1]
 [0 0 1 1]
 [0 1 1 1]
 [1 1 0 0]]
M_d:
[[0 0 1]
 [0 1 0]
 [1 0 0]]

M_u:
[[0 0 0 1]
 [0 0 1 1]
 [0 1 1 1]
 [1 0 0 1]]
M_d:
[[0 0 1]
 [0 1 0]
 [1 0 0]]

M_u:
[[0 0 0 1]
 [0 0 1 1]
 [0 1 1 1]
 [1 0 1 0]]
M_d:
[[0 0 1]
 [0 1 0]
 [1 0 0]]

M_u:
[[0 0 1 1]
 [0 0 1 1]
 [0 1 0 1]
 [1 0 1 0]]
M_d:
[[0 0 1]
 [0 1 0]
 [1 0 0]]

M_u:
[[0 0 0 1]
 [0 0 1 1]
 [0 1 0 1]
 [1 1 1 0]]
M_d:
[[0 0 1]
 [0 1 0]
 [1 0 0]]

M_u:
[[0 0 0 1]
 [0 0 1 0]
 [0 1 1 1]
 [1 0 1 1]]
M_d:
[[0 0 1]
 [0 1 0]
 [1 0 0]]

M_u:
[[0 0 0 1]
 [0 1 1 0]
 [1 0 1 0]
 [0 1 1 1]]
M_d:
[[0 0 1]
 [0 1 0]
 [1 0 0]]

THERE ARE 27 PAIRS WITH (8,6) TEXTURE ZEROS


THERE ARE IN TOTAL 237 MAXIMALLY RESTRICTIVE PAIRS OF TEXTURE ZEROS (AFTER MINUIT). 
