LIST OF MAXIMALLY RESTRICTIVE PAIRS OF TEXTURE ZEROS REALIZABLE WITH 2HDM + ABELIAN SYMMETRY (AFTER MINUIT):

LABELS FOR THE 4TH ROW:

1 -> BARE MASS TERM
2 -> COUPLINGS TO SINGLET SCALAR S
3 -> COUPLINGS TO CONJUNGATE SINGLET SCALAR S*

CASE 1:
M_u:
[[0 0 0 1]
 [0 0 1 0]
 [0 1 0 1]
 [1 1 0 0]]
M_d:
[[0 1 1]
 [0 0 1]
 [1 1 0]]

POSSIBLE DECOMPOSITIONS:

Y_u_1:
[[0. 0. 0. 1.]
 [0. 0. 0. 0.]
 [0. 1. 0. 0.]]

Y_u_2:
[[0. 0. 0. 0.]
 [0. 0. 1. 0.]
 [0. 0. 0. 1.]]

fourth_row_u:
[[1. 2. 0. 0.]]

Y_d_1:
[[0. 0. 1.]
 [0. 0. 0.]
 [0. 1. 0.]]

Y_d_2:
[[0. 1. 0.]
 [0. 0. 1.]
 [1. 0. 0.]]

Charges:
[ 1.     3.167  4.167  1.    -1.     3.167 -1.     2.     0.    -2.    -1.    -0.   ]

[ 1.    -1.635 -0.635  1.    -1.    -1.635 -1.     2.    -0.    -2.    -1.    -0.   ]

##############################################################################################################

CASE 2:
M_u:
[[0 0 0 1]
 [0 0 1 0]
 [0 1 0 1]
 [1 0 0 1]]
M_d:
[[0 1 1]
 [0 0 1]
 [1 1 0]]

POSSIBLE DECOMPOSITIONS:

Y_u_1:
[[0. 0. 0. 1.]
 [0. 0. 0. 0.]
 [0. 1. 0. 0.]]

Y_u_2:
[[0. 0. 0. 0.]
 [0. 0. 1. 0.]
 [0. 0. 0. 1.]]

fourth_row_u:
[[1. 0. 0. 2.]]

Y_d_1:
[[0. 0. 1.]
 [0. 0. 0.]
 [0. 1. 0.]]

Y_d_2:
[[0. 1. 0.]
 [0. 0. 1.]
 [1. 0. 0.]]

Charges:
[ 1.     0.842  0.842  1.    -1.     0.842 -1.     2.    -0.    -2.    -1.     0.   ]

[ 1.    -5.146 -5.146  1.    -1.    -5.146 -1.     2.    -0.    -2.    -1.     0.   ]

##############################################################################################################

CASE 3:
M_u:
[[0 0 0 1]
 [0 0 1 0]
 [0 1 0 1]
 [1 0 0 1]]
M_d:
[[0 1 1]
 [1 0 1]
 [0 1 0]]

POSSIBLE DECOMPOSITIONS:

Y_u_1:
[[0. 0. 0. 1.]
 [0. 0. 0. 0.]
 [0. 1. 0. 0.]]

Y_u_2:
[[0. 0. 0. 0.]
 [0. 0. 1. 0.]
 [0. 0. 0. 1.]]

fourth_row_u:
[[1. 0. 0. 2.]]

Y_d_1:
[[0. 0. 1.]
 [1. 0. 0.]
 [0. 1. 0.]]

Y_d_2:
[[0. 1. 0.]
 [0. 0. 1.]
 [0. 0. 0.]]

Charges:
[ 1.     0.096  0.096  1.    -1.     0.096 -1.     2.    -0.     1.    -1.     0.   ]

[  1.    -34.575 -34.575   1.     -1.    -34.575  -1.      2.      0.      1.     -1.     -0.   ]

##############################################################################################################

CASE 4:
M_u:
[[0 0 0 1]
 [0 0 1 0]
 [0 1 0 1]
 [1 0 1 0]]
M_d:
[[0 1 1]
 [1 0 1]
 [0 1 0]]

POSSIBLE DECOMPOSITIONS:

Y_u_1:
[[0. 0. 0. 1.]
 [0. 0. 0. 0.]
 [0. 1. 0. 0.]]

Y_u_2:
[[0. 0. 0. 0.]
 [0. 0. 1. 0.]
 [0. 0. 0. 1.]]

fourth_row_u:
[[1. 0. 2. 0.]]

Y_d_1:
[[0. 0. 1.]
 [1. 0. 0.]
 [0. 1. 0.]]

Y_d_2:
[[0. 1. 0.]
 [0. 0. 1.]
 [0. 0. 0.]]

Charges:
[ 1.    16.754 14.754  1.    -1.    16.754 -1.     2.    -0.     1.    -1.    -0.   ]

[ 1.     0.404 -1.596  1.    -1.     0.404 -1.     2.    -0.     1.    -1.    -0.   ]

##############################################################################################################

CASE 5:
M_u:
[[0 0 0 1]
 [0 0 1 0]
 [0 1 0 1]
 [1 1 0 0]]
M_d:
[[0 1 1]
 [1 0 1]
 [0 1 0]]

POSSIBLE DECOMPOSITIONS:

Y_u_1:
[[0. 0. 0. 1.]
 [0. 0. 0. 0.]
 [0. 1. 0. 0.]]

Y_u_2:
[[0. 0. 0. 0.]
 [0. 0. 1. 0.]
 [0. 0. 0. 1.]]

fourth_row_u:
[[1. 2. 0. 0.]]

Y_d_1:
[[0. 0. 1.]
 [1. 0. 0.]
 [0. 1. 0.]]

Y_d_2:
[[0. 1. 0.]
 [0. 0. 1.]
 [0. 0. 0.]]

Charges:
[ 1.    -3.196 -2.196  1.    -1.    -3.196 -1.     2.    -0.     1.    -1.     0.   ]

[ 1.     0.909  1.909  1.    -1.     0.909 -1.     2.    -0.     1.    -1.     0.   ]

##############################################################################################################

CASE 6:
M_u:
[[0 0 0 1]
 [0 0 1 0]
 [0 1 0 1]
 [1 0 1 0]]
M_d:
[[0 1 1]
 [0 0 1]
 [1 1 0]]

POSSIBLE DECOMPOSITIONS:

Y_u_1:
[[0. 0. 0. 1.]
 [0. 0. 0. 0.]
 [0. 1. 0. 0.]]

Y_u_2:
[[0. 0. 0. 0.]
 [0. 0. 1. 0.]
 [0. 0. 0. 1.]]

fourth_row_u:
[[1. 0. 2. 0.]]

Y_d_1:
[[0. 0. 1.]
 [0. 0. 0.]
 [0. 1. 0.]]

Y_d_2:
[[0. 1. 0.]
 [0. 0. 1.]
 [1. 0. 0.]]

Charges:
[ 1.     6.017  4.017  1.    -1.     6.017 -1.     2.    -0.    -2.    -1.    -0.   ]

[ 1.    -0.309 -2.309  1.    -1.    -0.309 -1.     2.    -0.    -2.    -1.    -0.   ]

##############################################################################################################

CASE 7:
M_u:
[[0 0 0 1]
 [0 0 1 0]
 [0 1 0 1]
 [1 1 1 0]]
M_d:
[[0 0 1]
 [0 1 0]
 [1 0 1]]

POSSIBLE DECOMPOSITIONS:

Y_u_1:
[[0. 0. 0. 0.]
 [0. 0. 0. 0.]
 [0. 0. 0. 1.]]

Y_u_2:
[[0. 0. 0. 1.]
 [0. 0. 1. 0.]
 [0. 1. 0. 0.]]

fourth_row_u:
[[1. 2. 3. 0.]]

Y_d_1:
[[0. 0. 1.]
 [0. 0. 0.]
 [1. 0. 0.]]

Y_d_2:
[[0. 0. 0.]
 [0. 1. 0.]
 [0. 0. 1.]]

Charges:
[ 1.     0.876 -1.124 -1.248  1.     0.876  2.    -0.248  1.     1.    -2.248 -0.   ]

[ 1.     3.422  1.422  3.844  1.     3.422  2.     4.844  1.     1.     2.844 -0.   ]

##############################################################################################################

Y_u_1:
[[0. 0. 0. 0.]
 [0. 0. 0. 0.]
 [0. 0. 0. 1.]]

Y_u_2:
[[0. 0. 0. 1.]
 [0. 0. 1. 0.]
 [0. 1. 0. 0.]]

fourth_row_u:
[[1. 2. 3. 0.]]

Y_d_1:
[[0. 0. 1.]
 [0. 1. 0.]
 [1. 0. 0.]]

Y_d_2:
[[0. 0. 0.]
 [0. 0. 0.]
 [0. 0. 1.]]

Charges:
[ 1.     0.786 -1.214 -1.428  1.     0.786  2.    -0.428  1.     1.    -1.428 -0.   ]

[1.    3.196 1.196 3.392 1.    3.196 2.    4.392 1.    1.    3.392 0.   ]

##############################################################################################################

Y_u_1:
[[0. 0. 0. 1.]
 [0. 0. 0. 0.]
 [0. 1. 0. 0.]]

Y_u_2:
[[0. 0. 0. 0.]
 [0. 0. 1. 0.]
 [0. 0. 0. 1.]]

fourth_row_u:
[[1. 2. 3. 0.]]

Y_d_1:
[[0. 0. 0.]
 [0. 0. 0.]
 [0. 0. 1.]]

Y_d_2:
[[0. 0. 1.]
 [0. 1. 0.]
 [1. 0. 0.]]

Charges:
[ 1.     0.93   1.93   1.859 -1.     0.93  -1.     2.859 -0.    -2.     0.859 -1.   ]

[ 1.    -0.798  0.202 -1.596 -1.    -0.798 -1.    -0.596 -0.    -2.    -2.596 -1.   ]

##############################################################################################################

Y_u_1:
[[0. 0. 0. 1.]
 [0. 0. 0. 0.]
 [0. 1. 0. 0.]]

Y_u_2:
[[0. 0. 0. 0.]
 [0. 0. 1. 0.]
 [0. 0. 0. 1.]]

fourth_row_u:
[[1. 2. 3. 0.]]

Y_d_1:
[[0. 0. 0.]
 [0. 1. 0.]
 [0. 0. 1.]]

Y_d_2:
[[0. 0. 1.]
 [0. 0. 0.]
 [1. 0. 0.]]

Charges:
[ 1.    -1.105 -0.105 -2.21  -1.    -1.105 -1.    -1.21  -0.    -2.    -2.21  -1.   ]

[ 1.     0.492  1.492  0.985 -1.     0.492 -1.     1.985 -0.    -2.     0.985 -1.   ]

##############################################################################################################

CASE 8:
M_u:
[[0 0 0 1]
 [0 0 1 1]
 [0 1 1 0]
 [1 1 0 0]]
M_d:
[[0 1 1]
 [0 0 1]
 [1 0 0]]

POSSIBLE DECOMPOSITIONS:

Y_u_1:
[[0. 0. 0. 0.]
 [0. 0. 0. 1.]
 [0. 0. 1. 0.]]

Y_u_2:
[[0. 0. 0. 1.]
 [0. 0. 1. 0.]
 [0. 1. 0. 0.]]

fourth_row_u:
[[1. 2. 0. 0.]]

Y_d_1:
[[0. 0. 1.]
 [0. 0. 0.]
 [1. 0. 0.]]

Y_d_2:
[[0. 1. 0.]
 [0. 0. 1.]
 [0. 0. 0.]]

Charges:
[ 1.    -3.345 -6.345  1.     2.    -3.345  3.     2.     1.     2.    -1.     0.   ]

[ 1.     3.378  0.378  1.     2.     3.378  3.     2.     1.     2.    -1.    -0.   ]

##############################################################################################################

CASE 9:
M_u:
[[0 0 0 1]
 [0 0 1 1]
 [1 1 0 0]
 [0 1 0 1]]
M_d:
[[0 0 1]
 [0 1 1]
 [1 0 0]]

POSSIBLE DECOMPOSITIONS:

Y_u_1:
[[0. 0. 0. 0.]
 [0. 0. 0. 1.]
 [1. 0. 0. 0.]]

Y_u_2:
[[0. 0. 0. 1.]
 [0. 0. 1. 0.]
 [0. 1. 0. 0.]]

fourth_row_u:
[[0. 1. 0. 2.]]

Y_d_1:
[[0. 0. 1.]
 [0. 1. 0.]
 [0. 0. 0.]]

Y_d_2:
[[0. 0. 0.]
 [0. 0. 1.]
 [1. 0. 0.]]

Charges:
[ 1.     2.546  1.546  1.     1.546  1.546  2.546  2.     1.     0.546  1.    -0.   ]

[ 1.    -0.221 -1.221  1.    -1.221 -1.221 -0.221  2.     1.    -2.221  1.    -0.   ]

##############################################################################################################

Y_u_1:
[[0. 0. 0. 0.]
 [0. 0. 0. 1.]
 [1. 0. 0. 0.]]

Y_u_2:
[[0. 0. 0. 1.]
 [0. 0. 1. 0.]
 [0. 1. 0. 0.]]

fourth_row_u:
[[0. 1. 0. 2.]]

Y_d_1:
[[0. 0. 1.]
 [0. 1. 0.]
 [1. 0. 0.]]

Y_d_2:
[[0. 0. 0.]
 [0. 0. 1.]
 [0. 0. 0.]]

Charges:
[ 1.     3.796  2.796  1.     2.796  2.796  3.796  2.     1.     2.796  1.    -0.   ]

[ 1.    0.17 -0.83  1.   -0.83 -0.83  0.17  2.    1.   -0.83  1.   -0.  ]

##############################################################################################################

Y_u_1:
[[0. 0. 0. 0.]
 [0. 0. 0. 1.]
 [0. 1. 0. 0.]]

Y_u_2:
[[0. 0. 0. 1.]
 [0. 0. 1. 0.]
 [1. 0. 0. 0.]]

fourth_row_u:
[[0. 1. 0. 2.]]

Y_d_1:
[[0. 0. 1.]
 [0. 1. 0.]
 [0. 0. 0.]]

Y_d_2:
[[0. 0. 0.]
 [0. 0. 1.]
 [1. 0. 0.]]

Charges:
[ 1.    -8.529 -9.529  1.    -8.529 -7.529 -8.529  2.     1.    -9.529  1.    -0.   ]

[ 1.     0.374 -0.626  1.     0.374  1.374  0.374  2.     1.    -0.626  1.    -0.   ]

##############################################################################################################

Y_u_1:
[[0. 0. 0. 0.]
 [0. 0. 0. 1.]
 [0. 1. 0. 0.]]

Y_u_2:
[[0. 0. 0. 1.]
 [0. 0. 1. 0.]
 [1. 0. 0. 0.]]

fourth_row_u:
[[0. 1. 0. 2.]]

Y_d_1:
[[0. 0. 1.]
 [0. 1. 0.]
 [1. 0. 0.]]

Y_d_2:
[[0. 0. 0.]
 [0. 0. 1.]
 [0. 0. 0.]]

Charges:
[ 1.    -0.035 -1.035  1.    -0.035  0.965 -0.035  2.     1.    -0.035  1.     0.   ]

[ 1.    48.089 47.089  1.    48.089 49.089 48.089  2.     1.    48.089  1.     0.   ]

##############################################################################################################

CASE 10:
M_u:
[[0 0 0 1]
 [0 0 1 1]
 [1 1 0 0]
 [0 1 1 0]]
M_d:
[[0 0 1]
 [0 1 1]
 [1 0 0]]

POSSIBLE DECOMPOSITIONS:

Y_u_1:
[[0. 0. 0. 0.]
 [0. 0. 0. 1.]
 [1. 0. 0. 0.]]

Y_u_2:
[[0. 0. 0. 1.]
 [0. 0. 1. 0.]
 [0. 1. 0. 0.]]

fourth_row_u:
[[0. 1. 2. 0.]]

Y_d_1:
[[0. 0. 1.]
 [0. 1. 0.]
 [0. 0. 0.]]

Y_d_2:
[[0. 0. 0.]
 [0. 0. 1.]
 [1. 0. 0.]]

Charges:
[ 1.     6.509  4.509  1.     5.509  5.509  6.509  2.     1.     4.509  1.    -0.   ]

[ 1.     0.637 -1.363  1.    -0.363 -0.363  0.637  2.     1.    -1.363  1.    -0.   ]

##############################################################################################################

Y_u_1:
[[0. 0. 0. 0.]
 [0. 0. 0. 1.]
 [1. 0. 0. 0.]]

Y_u_2:
[[0. 0. 0. 1.]
 [0. 0. 1. 0.]
 [0. 1. 0. 0.]]

fourth_row_u:
[[0. 1. 2. 0.]]

Y_d_1:
[[0. 0. 1.]
 [0. 1. 0.]
 [1. 0. 0.]]

Y_d_2:
[[0. 0. 0.]
 [0. 0. 1.]
 [0. 0. 0.]]

Charges:
[ 1.     6.186  4.186  1.     5.186  5.186  6.186  2.     1.     5.186  1.    -0.   ]

[ 1.     0.496 -1.504  1.    -0.504 -0.504  0.496  2.     1.    -0.504  1.    -0.   ]

##############################################################################################################

Y_u_1:
[[0. 0. 0. 0.]
 [0. 0. 0. 1.]
 [0. 1. 0. 0.]]

Y_u_2:
[[0. 0. 0. 1.]
 [0. 0. 1. 0.]
 [1. 0. 0. 0.]]

fourth_row_u:
[[0. 1. 2. 0.]]

Y_d_1:
[[0. 0. 1.]
 [0. 1. 0.]
 [0. 0. 0.]]

Y_d_2:
[[0. 0. 0.]
 [0. 0. 1.]
 [1. 0. 0.]]

Charges:
[1.    8.402 6.402 1.    8.402 9.402 8.402 2.    1.    7.402 1.    0.   ]

[ 1.     0.058 -1.942  1.     0.058  1.058  0.058  2.     1.    -0.942  1.     0.   ]

##############################################################################################################

Y_u_1:
[[0. 0. 0. 0.]
 [0. 0. 0. 1.]
 [0. 1. 0. 0.]]

Y_u_2:
[[0. 0. 0. 1.]
 [0. 0. 1. 0.]
 [1. 0. 0. 0.]]

fourth_row_u:
[[0. 1. 2. 0.]]

Y_d_1:
[[0. 0. 1.]
 [0. 1. 0.]
 [1. 0. 0.]]

Y_d_2:
[[0. 0. 0.]
 [0. 0. 1.]
 [0. 0. 0.]]

Charges:
[ 1.    -5.171 -7.171  1.    -5.171 -4.171 -5.171  2.     1.    -5.171  1.    -0.   ]

[ 1.     0.567 -1.433  1.     0.567  1.567  0.567  2.     1.     0.567  1.    -0.   ]

##############################################################################################################

CASE 11:
M_u:
[[0 0 0 1]
 [0 0 1 0]
 [1 1 0 0]
 [0 1 1 1]]
M_d:
[[0 0 1]
 [0 1 1]
 [1 0 0]]

POSSIBLE DECOMPOSITIONS:

Y_u_1:
[[0. 0. 0. 1.]
 [0. 0. 0. 0.]
 [1. 0. 0. 0.]]

Y_u_2:
[[0. 0. 0. 0.]
 [0. 0. 1. 0.]
 [0. 1. 0. 0.]]

fourth_row_u:
[[0. 2. 1. 3.]]

Y_d_1:
[[0. 0. 1.]
 [0. 1. 0.]
 [0. 0. 0.]]

Y_d_2:
[[0. 0. 0.]
 [0. 0. 1.]
 [1. 0. 0.]]

Charges:
[ 1.  2. -2.  1.  3.  3.  4.  2.  0.  2.  1.  0.]

##############################################################################################################

Y_u_1:
[[0. 0. 0. 1.]
 [0. 0. 0. 0.]
 [1. 0. 0. 0.]]

Y_u_2:
[[0. 0. 0. 0.]
 [0. 0. 1. 0.]
 [0. 1. 0. 0.]]

fourth_row_u:
[[0. 2. 1. 3.]]

Y_d_1:
[[0. 0. 1.]
 [0. 1. 0.]
 [1. 0. 0.]]

Y_d_2:
[[0. 0. 0.]
 [0. 0. 1.]
 [0. 0. 0.]]

Charges:
[ 1.  2. -2.  1.  3.  3.  4.  2.  0.  3.  1.  0.]

##############################################################################################################

Y_u_1:
[[0. 0. 0. 1.]
 [0. 0. 0. 0.]
 [1. 0. 0. 0.]]

Y_u_2:
[[0. 0. 0. 0.]
 [0. 0. 1. 0.]
 [0. 1. 0. 0.]]

fourth_row_u:
[[0. 2. 3. 1.]]

Y_d_1:
[[0. 0. 1.]
 [0. 1. 0.]
 [0. 0. 0.]]

Y_d_2:
[[0. 0. 0.]
 [0. 0. 1.]
 [1. 0. 0.]]

Charges:
[ 1. -0.  2.  1. -3. -3. -2.  2. -0. -4.  1.  0.]

##############################################################################################################

Y_u_1:
[[0. 0. 0. 1.]
 [0. 0. 0. 0.]
 [1. 0. 0. 0.]]

Y_u_2:
[[0. 0. 0. 0.]
 [0. 0. 1. 0.]
 [0. 1. 0. 0.]]

fourth_row_u:
[[0. 2. 3. 1.]]

Y_d_1:
[[0. 0. 1.]
 [0. 1. 0.]
 [1. 0. 0.]]

Y_d_2:
[[0. 0. 0.]
 [0. 0. 1.]
 [0. 0. 0.]]

Charges:
[ 1. -0.  2.  1. -3. -3. -2.  2. -0. -3.  1.  0.]

##############################################################################################################

Y_u_1:
[[0. 0. 0. 1.]
 [0. 0. 0. 0.]
 [0. 1. 0. 0.]]

Y_u_2:
[[0. 0. 0. 0.]
 [0. 0. 1. 0.]
 [1. 0. 0. 0.]]

fourth_row_u:
[[0. 2. 1. 3.]]

Y_d_1:
[[0. 0. 1.]
 [0. 1. 0.]
 [0. 0. 0.]]

Y_d_2:
[[0. 0. 0.]
 [0. 0. 1.]
 [1. 0. 0.]]

Charges:
[ 1.  2. -2.  1.  4.  5.  4.  2.  0.  3.  1.  0.]

##############################################################################################################

Y_u_1:
[[0. 0. 0. 1.]
 [0. 0. 0. 0.]
 [0. 1. 0. 0.]]

Y_u_2:
[[0. 0. 0. 0.]
 [0. 0. 1. 0.]
 [1. 0. 0. 0.]]

fourth_row_u:
[[0. 2. 1. 3.]]

Y_d_1:
[[0. 0. 1.]
 [0. 1. 0.]
 [1. 0. 0.]]

Y_d_2:
[[0. 0. 0.]
 [0. 0. 1.]
 [0. 0. 0.]]

Charges:
[ 1.  2. -2.  1.  4.  5.  4.  2.  0.  4.  1. -0.]

##############################################################################################################

Y_u_1:
[[0. 0. 0. 1.]
 [0. 0. 0. 0.]
 [0. 1. 0. 0.]]

Y_u_2:
[[0. 0. 0. 0.]
 [0. 0. 1. 0.]
 [1. 0. 0. 0.]]

fourth_row_u:
[[0. 2. 3. 1.]]

Y_d_1:
[[0. 0. 1.]
 [0. 1. 0.]
 [0. 0. 0.]]

Y_d_2:
[[0. 0. 0.]
 [0. 0. 1.]
 [1. 0. 0.]]

Charges:
[ 1.  0.  2.  1. -2. -1. -2.  2.  0. -3.  1. -0.]

##############################################################################################################

Y_u_1:
[[0. 0. 0. 1.]
 [0. 0. 0. 0.]
 [0. 1. 0. 0.]]

Y_u_2:
[[0. 0. 0. 0.]
 [0. 0. 1. 0.]
 [1. 0. 0. 0.]]

fourth_row_u:
[[0. 2. 3. 1.]]

Y_d_1:
[[0. 0. 1.]
 [0. 1. 0.]
 [1. 0. 0.]]

Y_d_2:
[[0. 0. 0.]
 [0. 0. 1.]
 [0. 0. 0.]]

Charges:
[ 1.  0.  2.  1. -2. -1. -2.  2.  0. -2.  1. -0.]

##############################################################################################################

CASE 12:
M_u:
[[0 0 0 1]
 [0 1 1 0]
 [1 0 1 0]
 [0 0 1 1]]
M_d:
[[0 0 1]
 [0 1 0]
 [1 1 0]]

POSSIBLE DECOMPOSITIONS:

Y_u_1:
[[0. 0. 0. 0.]
 [0. 1. 0. 0.]
 [0. 0. 1. 0.]]

Y_u_2:
[[0. 0. 0. 1.]
 [0. 0. 1. 0.]
 [1. 0. 0. 0.]]

fourth_row_u:
[[0. 0. 1. 2.]]

Y_d_1:
[[0. 0. 0.]
 [0. 1. 0.]
 [1. 0. 0.]]

Y_d_2:
[[0. 0. 1.]
 [0. 0. 0.]
 [0. 1. 0.]]

Charges:
[ 1.    -0.302 -1.302 -1.302 -0.302  0.698 -1.302 -0.302  1.    -0.302 -1.302 -1.   ]

[ 1.     1.557  0.557  0.557  1.557  2.557  0.557  1.557  1.     1.557  0.557 -1.   ]

##############################################################################################################

Y_u_1:
[[0. 0. 0. 0.]
 [0. 1. 0. 0.]
 [0. 0. 1. 0.]]

Y_u_2:
[[0. 0. 0. 1.]
 [0. 0. 1. 0.]
 [1. 0. 0. 0.]]

fourth_row_u:
[[0. 0. 1. 2.]]

Y_d_1:
[[0. 0. 1.]
 [0. 1. 0.]
 [1. 0. 0.]]

Y_d_2:
[[0. 0. 0.]
 [0. 0. 0.]
 [0. 1. 0.]]

Charges:
[1.    6.604 5.604 5.604 6.604 7.604 5.604 6.604 1.    6.604 5.604 0.   ]

[ 1.     0.227 -0.773 -0.773  0.227  1.227 -0.773  0.227  1.     0.227 -0.773  0.   ]

##############################################################################################################

Y_u_1:
[[0. 0. 0. 0.]
 [0. 0. 1. 0.]
 [1. 0. 0. 0.]]

Y_u_2:
[[0. 0. 0. 1.]
 [0. 1. 0. 0.]
 [0. 0. 1. 0.]]

fourth_row_u:
[[0. 0. 1. 2.]]

Y_d_1:
[[0. 0. 0.]
 [0. 0. 0.]
 [0. 1. 0.]]

Y_d_2:
[[0. 0. 1.]
 [0. 1. 0.]
 [1. 0. 0.]]

Charges:
[ 1.     1.377  0.377  1.377  0.377  0.377  2.377  1.377  1.    -0.623  0.377 -1.   ]

[ 1.    -0.692 -1.692 -0.692 -1.692 -1.692  0.308 -0.692  1.    -2.692 -1.692 -1.   ]

##############################################################################################################

Y_u_1:
[[0. 0. 0. 0.]
 [0. 0. 1. 0.]
 [1. 0. 0. 0.]]

Y_u_2:
[[0. 0. 0. 1.]
 [0. 1. 0. 0.]
 [0. 0. 1. 0.]]

fourth_row_u:
[[0. 0. 1. 2.]]

Y_d_1:
[[0. 0. 1.]
 [0. 0. 0.]
 [0. 1. 0.]]

Y_d_2:
[[0. 0. 0.]
 [0. 1. 0.]
 [1. 0. 0.]]

Charges:
[ 1.     1.637  0.637  1.637  0.637  0.637  2.637  1.637  1.    -0.363  0.637  0.   ]

[ 1.    -0.289 -1.289 -0.289 -1.289 -1.289  0.711 -0.289  1.    -2.289 -1.289 -0.   ]

##############################################################################################################

CASE 13:
M_u:
[[0 0 0 1]
 [0 0 1 1]
 [1 1 0 0]
 [0 1 1 0]]
M_d:
[[0 1 1]
 [0 0 1]
 [1 0 0]]

POSSIBLE DECOMPOSITIONS:

Y_u_1:
[[0. 0. 0. 0.]
 [0. 0. 0. 1.]
 [1. 0. 0. 0.]]

Y_u_2:
[[0. 0. 0. 1.]
 [0. 0. 1. 0.]
 [0. 1. 0. 0.]]

fourth_row_u:
[[0. 1. 2. 0.]]

Y_d_1:
[[0. 0. 1.]
 [0. 0. 0.]
 [0. 0. 0.]]

Y_d_2:
[[0. 1. 0.]
 [0. 0. 1.]
 [1. 0. 0.]]

Charges:
[ 1.   54.15 52.15  1.   53.15 53.15 54.15  2.    1.   52.15 -1.    0.  ]

[ 1.     0.962 -1.038  1.    -0.038 -0.038  0.962  2.     1.    -1.038 -1.     0.   ]

##############################################################################################################

Y_u_1:
[[0. 0. 0. 0.]
 [0. 0. 0. 1.]
 [1. 0. 0. 0.]]

Y_u_2:
[[0. 0. 0. 1.]
 [0. 0. 1. 0.]
 [0. 1. 0. 0.]]

fourth_row_u:
[[0. 1. 2. 0.]]

Y_d_1:
[[0. 0. 1.]
 [0. 0. 0.]
 [1. 0. 0.]]

Y_d_2:
[[0. 1. 0.]
 [0. 0. 1.]
 [0. 0. 0.]]

Charges:
[ 1.     1.904 -0.096  1.     0.904  0.904  1.904  2.     1.     0.904 -1.    -0.   ]

[ 1.    -0.854 -2.854  1.    -1.854 -1.854 -0.854  2.     1.    -1.854 -1.     0.   ]

##############################################################################################################

Y_u_1:
[[0. 0. 0. 0.]
 [0. 0. 0. 1.]
 [0. 1. 0. 0.]]

Y_u_2:
[[0. 0. 0. 1.]
 [0. 0. 1. 0.]
 [1. 0. 0. 0.]]

fourth_row_u:
[[0. 1. 2. 0.]]

Y_d_1:
[[0. 0. 1.]
 [0. 0. 0.]
 [0. 0. 0.]]

Y_d_2:
[[0. 1. 0.]
 [0. 0. 1.]
 [1. 0. 0.]]

Charges:
[ 1.    -0.711 -2.711  1.    -0.711  0.289 -0.711  2.     1.    -1.711 -1.    -0.   ]

[ 1.    2.46  0.46  1.    2.46  3.46  2.46  2.    1.    1.46 -1.    0.  ]

##############################################################################################################

Y_u_1:
[[0. 0. 0. 0.]
 [0. 0. 0. 1.]
 [0. 1. 0. 0.]]

Y_u_2:
[[0. 0. 0. 1.]
 [0. 0. 1. 0.]
 [1. 0. 0. 0.]]

fourth_row_u:
[[0. 1. 2. 0.]]

Y_d_1:
[[0. 0. 1.]
 [0. 0. 0.]
 [1. 0. 0.]]

Y_d_2:
[[0. 1. 0.]
 [0. 0. 1.]
 [0. 0. 0.]]

Charges:
[ 1.     1.165 -0.835  1.     1.165  2.165  1.165  2.     1.     1.165 -1.     0.   ]

[ 1.    -1.976 -3.976  1.    -1.976 -0.976 -1.976  2.     1.    -1.976 -1.     0.   ]

##############################################################################################################

CASE 14:
M_u:
[[0 0 0 1]
 [0 1 1 0]
 [1 0 1 0]
 [0 1 0 1]]
M_d:
[[0 0 1]
 [0 1 0]
 [1 1 0]]

POSSIBLE DECOMPOSITIONS:

Y_u_1:
[[0. 0. 0. 0.]
 [0. 1. 0. 0.]
 [0. 0. 1. 0.]]

Y_u_2:
[[0. 0. 0. 1.]
 [0. 0. 1. 0.]
 [1. 0. 0. 0.]]

fourth_row_u:
[[0. 1. 0. 2.]]

Y_d_1:
[[0. 0. 0.]
 [0. 1. 0.]
 [1. 0. 0.]]

Y_d_2:
[[0. 0. 1.]
 [0. 0. 0.]
 [0. 1. 0.]]

Charges:
[ 1.     1.161  0.161  1.161  2.161  3.161  1.161  2.161  1.     2.161  1.161 -1.   ]

[ 1.    -1.083 -2.083 -1.083 -0.083  0.917 -1.083 -0.083  1.    -0.083 -1.083 -1.   ]

##############################################################################################################

Y_u_1:
[[0. 0. 0. 0.]
 [0. 1. 0. 0.]
 [0. 0. 1. 0.]]

Y_u_2:
[[0. 0. 0. 1.]
 [0. 0. 1. 0.]
 [1. 0. 0. 0.]]

fourth_row_u:
[[0. 1. 0. 2.]]

Y_d_1:
[[0. 0. 1.]
 [0. 1. 0.]
 [1. 0. 0.]]

Y_d_2:
[[0. 0. 0.]
 [0. 0. 0.]
 [0. 1. 0.]]

Charges:
[1.    4.346 3.346 4.346 5.346 6.346 4.346 5.346 1.    5.346 4.346 0.   ]

[ 1.    -0.635 -1.635 -0.635  0.365  1.365 -0.635  0.365  1.     0.365 -0.635  0.   ]

##############################################################################################################

Y_u_1:
[[0. 0. 0. 0.]
 [0. 0. 1. 0.]
 [1. 0. 0. 0.]]

Y_u_2:
[[0. 0. 0. 1.]
 [0. 1. 0. 0.]
 [0. 0. 1. 0.]]

fourth_row_u:
[[0. 1. 0. 2.]]

Y_d_1:
[[0. 0. 0.]
 [0. 0. 0.]
 [0. 1. 0.]]

Y_d_2:
[[0. 0. 1.]
 [0. 1. 0.]
 [1. 0. 0.]]

Charges:
[ 1.     3.524  2.524  2.524  1.524  1.524  3.524  2.524  1.     0.524  1.524 -1.   ]

[ 1.     0.775 -0.225 -0.225 -1.225 -1.225  0.775 -0.225  1.    -2.225 -1.225 -1.   ]

##############################################################################################################

Y_u_1:
[[0. 0. 0. 0.]
 [0. 0. 1. 0.]
 [1. 0. 0. 0.]]

Y_u_2:
[[0. 0. 0. 1.]
 [0. 1. 0. 0.]
 [0. 0. 1. 0.]]

fourth_row_u:
[[0. 1. 0. 2.]]

Y_d_1:
[[0. 0. 1.]
 [0. 0. 0.]
 [0. 1. 0.]]

Y_d_2:
[[0. 0. 0.]
 [0. 1. 0.]
 [1. 0. 0.]]

Charges:
[ 1.     0.072 -0.928 -0.928 -1.928 -1.928  0.072 -0.928  1.    -2.928 -1.928 -0.   ]

[ 1.     2.214  1.214  1.214  0.214  0.214  2.214  1.214  1.    -0.786  0.214 -0.   ]

##############################################################################################################

CASE 15:
M_u:
[[0 0 1 1]
 [0 1 0 1]
 [1 0 1 0]
 [0 1 0 0]]
M_d:
[[0 0 1]
 [0 1 1]
 [1 0 0]]

POSSIBLE DECOMPOSITIONS:

Y_u_1:
[[0. 0. 1. 0.]
 [0. 0. 0. 1.]
 [1. 0. 0. 0.]]

Y_u_2:
[[0. 0. 0. 1.]
 [0. 1. 0. 0.]
 [0. 0. 1. 0.]]

fourth_row_u:
[[0. 1. 0. 0.]]

Y_d_1:
[[0. 0. 1.]
 [0. 1. 0.]
 [0. 0. 0.]]

Y_d_2:
[[0. 0. 0.]
 [0. 0. 1.]
 [1. 0. 0.]]

Charges:
[ 1.    2.   -0.17  1.   -1.   -1.    2.   -0.    1.   -2.    1.    0.  ]

[  1.      2.    105.785   1.     -1.     -1.      2.      0.      1.     -2.      1.      0.   ]

##############################################################################################################

CASE 16:
M_u:
[[0 0 0 1]
 [0 0 1 0]
 [0 1 0 1]
 [1 1 1 0]]
M_d:
[[0 1 1]
 [1 0 0]
 [0 0 1]]

POSSIBLE DECOMPOSITIONS:

Y_u_1:
[[0. 0. 0. 0.]
 [0. 0. 0. 0.]
 [0. 0. 0. 1.]]

Y_u_2:
[[0. 0. 0. 1.]
 [0. 0. 1. 0.]
 [0. 1. 0. 0.]]

fourth_row_u:
[[1. 2. 3. 0.]]

Y_d_1:
[[0. 0. 1.]
 [0. 0. 0.]
 [0. 0. 0.]]

Y_d_2:
[[0. 1. 0.]
 [1. 0. 0.]
 [0. 0. 1.]]

Charges:
[ 1.     1.792 -0.208  0.585  1.     1.792  2.     1.585  1.    -0.415 -1.     0.   ]

[ 1.    -0.748 -2.748 -4.496  1.    -0.748  2.    -3.496  1.    -5.496 -1.     0.   ]

##############################################################################################################

Y_u_1:
[[0. 0. 0. 0.]
 [0. 0. 0. 0.]
 [0. 0. 0. 1.]]

Y_u_2:
[[0. 0. 0. 1.]
 [0. 0. 1. 0.]
 [0. 1. 0. 0.]]

fourth_row_u:
[[1. 2. 3. 0.]]

Y_d_1:
[[0. 0. 1.]
 [1. 0. 0.]
 [0. 0. 0.]]

Y_d_2:
[[0. 1. 0.]
 [0. 0. 0.]
 [0. 0. 1.]]

Charges:
[ 1.     1.605 -0.395  0.211  1.     1.605  2.     1.211  1.     0.211 -1.     0.   ]

[ 1.    -0.839 -2.839 -4.678  1.    -0.839  2.    -3.678  1.    -4.678 -1.    -0.   ]

##############################################################################################################

Y_u_1:
[[0. 0. 0. 1.]
 [0. 0. 0. 0.]
 [0. 1. 0. 0.]]

Y_u_2:
[[0. 0. 0. 0.]
 [0. 0. 1. 0.]
 [0. 0. 0. 1.]]

fourth_row_u:
[[1. 2. 3. 0.]]

Y_d_1:
[[0. 1. 0.]
 [0. 0. 0.]
 [0. 0. 1.]]

Y_d_2:
[[0. 0. 1.]
 [1. 0. 0.]
 [0. 0. 0.]]

Charges:
[  1.    -4.59  -3.59  -9.18  -1.    -4.59  -1.    -8.18  -0.   -10.18  -0.    -1.  ]

[ 1.     0.036  1.036  0.071 -1.     0.036 -1.     1.071 -0.    -0.929 -0.    -1.   ]

##############################################################################################################

Y_u_1:
[[0. 0. 0. 1.]
 [0. 0. 0. 0.]
 [0. 1. 0. 0.]]

Y_u_2:
[[0. 0. 0. 0.]
 [0. 0. 1. 0.]
 [0. 0. 0. 1.]]

fourth_row_u:
[[1. 2. 3. 0.]]

Y_d_1:
[[0. 1. 0.]
 [1. 0. 0.]
 [0. 0. 1.]]

Y_d_2:
[[0. 0. 1.]
 [0. 0. 0.]
 [0. 0. 0.]]

Charges:
[ 1.   -0.84  0.16 -1.68 -1.   -0.84 -1.   -0.68 -0.   -1.68  0.   -1.  ]

[ 1.     0.362  1.362  0.725 -1.     0.362 -1.     1.725 -0.     0.725 -0.    -1.   ]

##############################################################################################################

CASE 17:
M_u:
[[0 0 0 1]
 [0 1 1 0]
 [1 0 1 0]
 [0 1 0 1]]
M_d:
[[0 0 1]
 [1 1 0]
 [0 1 0]]

POSSIBLE DECOMPOSITIONS:

Y_u_1:
[[0. 0. 0. 0.]
 [0. 1. 0. 0.]
 [0. 0. 1. 0.]]

Y_u_2:
[[0. 0. 0. 1.]
 [0. 0. 1. 0.]
 [1. 0. 0. 0.]]

fourth_row_u:
[[0. 1. 0. 2.]]

Y_d_1:
[[0. 0. 0.]
 [0. 1. 0.]
 [0. 0. 0.]]

Y_d_2:
[[0. 0. 1.]
 [1. 0. 0.]
 [0. 1. 0.]]

Charges:
[ 1.    -0.396 -1.396 -0.396  0.604  1.604 -0.396  0.604  1.    -1.396 -0.396 -1.   ]

[ 1.     6.536  5.536  6.536  7.536  8.536  6.536  7.536  1.     5.536  6.536 -1.   ]

##############################################################################################################

Y_u_1:
[[0. 0. 0. 0.]
 [0. 1. 0. 0.]
 [0. 0. 1. 0.]]

Y_u_2:
[[0. 0. 0. 1.]
 [0. 0. 1. 0.]
 [1. 0. 0. 0.]]

fourth_row_u:
[[0. 1. 0. 2.]]

Y_d_1:
[[0. 0. 1.]
 [0. 1. 0.]
 [0. 0. 0.]]

Y_d_2:
[[0. 0. 0.]
 [1. 0. 0.]
 [0. 1. 0.]]

Charges:
[ 1.     0.912 -0.088  0.912  1.912  2.912  0.912  1.912  1.    -0.088  0.912 -0.   ]

[ 1.    -1.158 -2.158 -1.158 -0.158  0.842 -1.158 -0.158  1.    -2.158 -1.158  0.   ]

##############################################################################################################

Y_u_1:
[[0. 0. 0. 0.]
 [0. 0. 1. 0.]
 [1. 0. 0. 0.]]

Y_u_2:
[[0. 0. 0. 1.]
 [0. 1. 0. 0.]
 [0. 0. 1. 0.]]

fourth_row_u:
[[0. 1. 0. 2.]]

Y_d_1:
[[0. 0. 0.]
 [1. 0. 0.]
 [0. 1. 0.]]

Y_d_2:
[[0. 0. 1.]
 [0. 1. 0.]
 [0. 0. 0.]]

Charges:
[ 1.     1.531  0.531  0.531 -0.469 -0.469  1.531  0.531  1.     0.531 -0.469 -1.   ]

[ 1.    -0.976 -1.976 -1.976 -2.976 -2.976 -0.976 -1.976  1.    -1.976 -2.976 -1.   ]

##############################################################################################################

Y_u_1:
[[0. 0. 0. 0.]
 [0. 0. 1. 0.]
 [1. 0. 0. 0.]]

Y_u_2:
[[0. 0. 0. 1.]
 [0. 1. 0. 0.]
 [0. 0. 1. 0.]]

fourth_row_u:
[[0. 1. 0. 2.]]

Y_d_1:
[[0. 0. 1.]
 [1. 0. 0.]
 [0. 1. 0.]]

Y_d_2:
[[0. 0. 0.]
 [0. 1. 0.]
 [0. 0. 0.]]

Charges:
[ 1.   2.6  1.6  1.6  0.6  0.6  2.6  1.6  1.   1.6  0.6 -0. ]

[ 1.     0.597 -0.403 -0.403 -1.403 -1.403  0.597 -0.403  1.    -0.403 -1.403  0.   ]

##############################################################################################################

CASE 18:
M_u:
[[0 0 1 1]
 [0 1 0 1]
 [1 0 1 0]
 [0 1 0 0]]
M_d:
[[0 0 1]
 [0 1 0]
 [1 0 1]]

POSSIBLE DECOMPOSITIONS:

Y_u_1:
[[0. 0. 1. 0.]
 [0. 0. 0. 1.]
 [1. 0. 0. 0.]]

Y_u_2:
[[0. 0. 0. 1.]
 [0. 1. 0. 0.]
 [0. 0. 1. 0.]]

fourth_row_u:
[[0. 1. 0. 0.]]

Y_d_1:
[[0. 0. 0.]
 [0. 1. 0.]
 [0. 0. 1.]]

Y_d_2:
[[0. 0. 1.]
 [0. 0. 0.]
 [1. 0. 0.]]

Charges:
[ 1.     2.     3.722  1.    -1.    -1.     2.     0.     1.    -2.     1.    -1.   ]

[ 1.     2.    -5.105  1.    -1.    -1.     2.    -0.     1.    -2.     1.    -1.   ]

##############################################################################################################

CASE 19:
M_u:
[[0 0 0 1]
 [0 0 1 0]
 [0 1 0 1]
 [1 0 1 1]]
M_d:
[[0 0 1]
 [0 1 0]
 [1 0 1]]

POSSIBLE DECOMPOSITIONS:

Y_u_1:
[[0. 0. 0. 0.]
 [0. 0. 0. 0.]
 [0. 0. 0. 1.]]

Y_u_2:
[[0. 0. 0. 1.]
 [0. 0. 1. 0.]
 [0. 1. 0. 0.]]

fourth_row_u:
[[1. 0. 2. 3.]]

Y_d_1:
[[0. 0. 1.]
 [0. 0. 0.]
 [1. 0. 0.]]

Y_d_2:
[[0. 0. 0.]
 [0. 1. 0.]
 [0. 0. 1.]]

Charges:
[ 1.     0.712  0.288 -0.577  1.     0.712  2.     0.423  1.     1.    -1.577  0.   ]

[ 1.     5.913 -4.913  9.826  1.     5.913  2.    10.826  1.     1.     8.826 -0.   ]

##############################################################################################################

Y_u_1:
[[0. 0. 0. 0.]
 [0. 0. 0. 0.]
 [0. 0. 0. 1.]]

Y_u_2:
[[0. 0. 0. 1.]
 [0. 0. 1. 0.]
 [0. 1. 0. 0.]]

fourth_row_u:
[[1. 0. 2. 3.]]

Y_d_1:
[[0. 0. 1.]
 [0. 1. 0.]
 [1. 0. 0.]]

Y_d_2:
[[0. 0. 0.]
 [0. 0. 0.]
 [0. 0. 1.]]

Charges:
[ 1.     1.439 -0.439  0.878  1.     1.439  2.     1.878  1.     1.     0.878  0.   ]

[ 1.    -0.205  1.205 -2.411  1.    -0.205  2.    -1.411  1.     1.    -2.411 -0.   ]

##############################################################################################################

Y_u_1:
[[0. 0. 0. 1.]
 [0. 0. 0. 0.]
 [0. 1. 0. 0.]]

Y_u_2:
[[0. 0. 0. 0.]
 [0. 0. 1. 0.]
 [0. 0. 0. 1.]]

fourth_row_u:
[[1. 0. 2. 3.]]

Y_d_1:
[[0. 0. 0.]
 [0. 0. 0.]
 [0. 0. 1.]]

Y_d_2:
[[0. 0. 1.]
 [0. 1. 0.]
 [1. 0. 0.]]

Charges:
[ 1.     0.555 -0.555  0.11  -1.     0.555 -1.     1.11  -0.    -2.    -0.89  -1.   ]

[  1.     -4.165   4.165  -9.331  -1.     -4.165  -1.     -8.331   0.     -2.    -10.331  -1.   ]

##############################################################################################################

Y_u_1:
[[0. 0. 0. 1.]
 [0. 0. 0. 0.]
 [0. 1. 0. 0.]]

Y_u_2:
[[0. 0. 0. 0.]
 [0. 0. 1. 0.]
 [0. 0. 0. 1.]]

fourth_row_u:
[[1. 0. 2. 3.]]

Y_d_1:
[[0. 0. 0.]
 [0. 1. 0.]
 [0. 0. 1.]]

Y_d_2:
[[0. 0. 1.]
 [0. 0. 0.]
 [1. 0. 0.]]

Charges:
[ 1.     5.029 -5.029  9.057 -1.     5.029 -1.    10.057 -0.    -2.     9.057 -1.   ]

[ 1.     0.142 -0.142 -0.717 -1.     0.142 -1.     0.283 -0.    -2.    -0.717 -1.   ]

##############################################################################################################

CASE 20:
M_u:
[[0 0 0 1]
 [0 0 1 0]
 [0 1 0 1]
 [1 1 1 0]]
M_d:
[[0 0 1]
 [0 1 1]
 [1 0 0]]

POSSIBLE DECOMPOSITIONS:

Y_u_1:
[[0. 0. 0. 1.]
 [0. 0. 0. 0.]
 [0. 1. 0. 0.]]

Y_u_2:
[[0. 0. 0. 0.]
 [0. 0. 1. 0.]
 [0. 0. 0. 1.]]

fourth_row_u:
[[1. 2. 3. 0.]]

Y_d_1:
[[0. 0. 1.]
 [0. 1. 0.]
 [0. 0. 0.]]

Y_d_2:
[[0. 0. 0.]
 [0. 0. 1.]
 [1. 0. 0.]]

Charges:
[ 1.   0.5  1.5  1.  -1.   0.5 -1.   2.   0.  -2.   1.   0. ]

##############################################################################################################

CASE 21:
M_u:
[[0 0 0 1]
 [0 0 1 1]
 [0 1 1 0]
 [1 0 1 0]]
M_d:
[[0 1 1]
 [0 0 1]
 [1 0 0]]

POSSIBLE DECOMPOSITIONS:

Y_u_1:
[[0. 0. 0. 0.]
 [0. 0. 0. 1.]
 [0. 0. 1. 0.]]

Y_u_2:
[[0. 0. 0. 1.]
 [0. 0. 1. 0.]
 [0. 1. 0. 0.]]

fourth_row_u:
[[1. 0. 2. 0.]]

Y_d_1:
[[0. 0. 1.]
 [0. 0. 0.]
 [1. 0. 0.]]

Y_d_2:
[[0. 1. 0.]
 [0. 0. 1.]
 [0. 0. 0.]]

Charges:
[ 1.    -3.567 -5.567  1.     2.    -3.567  3.     2.     1.     2.    -1.    -0.   ]

[ 1.     2.845  0.845  1.     2.     2.845  3.     2.     1.     2.    -1.     0.   ]

##############################################################################################################

CASE 22:
M_u:
[[0 0 0 1]
 [0 0 1 1]
 [0 1 1 0]
 [1 1 0 0]]
M_d:
[[0 0 1]
 [0 1 0]
 [1 1 0]]

POSSIBLE DECOMPOSITIONS:

Y_u_1:
[[0. 0. 0. 0.]
 [0. 0. 0. 1.]
 [0. 0. 1. 0.]]

Y_u_2:
[[0. 0. 0. 1.]
 [0. 0. 1. 0.]
 [0. 1. 0. 0.]]

fourth_row_u:
[[1. 2. 0. 0.]]

Y_d_1:
[[0. 0. 0.]
 [0. 1. 0.]
 [1. 0. 0.]]

Y_d_2:
[[0. 0. 1.]
 [0. 0. 0.]
 [0. 1. 0.]]

Charges:
[ 1.    -0.948 -3.948  1.     2.    -0.948  3.     2.     1.     2.     1.    -1.   ]

[ 1.     6.475  3.475  1.     2.     6.475  3.     2.     1.     2.     1.    -1.   ]

##############################################################################################################

CASE 23:
M_u:
[[0 0 0 1]
 [0 0 1 0]
 [0 1 0 1]
 [1 0 1 1]]
M_d:
[[0 1 1]
 [1 0 0]
 [0 0 1]]

POSSIBLE DECOMPOSITIONS:

Y_u_1:
[[0. 0. 0. 0.]
 [0. 0. 0. 0.]
 [0. 0. 0. 1.]]

Y_u_2:
[[0. 0. 0. 1.]
 [0. 0. 1. 0.]
 [0. 1. 0. 0.]]

fourth_row_u:
[[1. 0. 2. 3.]]

Y_d_1:
[[0. 0. 1.]
 [0. 0. 0.]
 [0. 0. 0.]]

Y_d_2:
[[0. 1. 0.]
 [1. 0. 0.]
 [0. 0. 1.]]

Charges:
[ 1.    -0.554  1.554 -3.108  1.    -0.554  2.    -2.108  1.    -4.108 -1.    -0.   ]

[ 1.     1.417 -0.417  0.835  1.     1.417  2.     1.835  1.    -0.165 -1.    -0.   ]

##############################################################################################################

Y_u_1:
[[0. 0. 0. 0.]
 [0. 0. 0. 0.]
 [0. 0. 0. 1.]]

Y_u_2:
[[0. 0. 0. 1.]
 [0. 0. 1. 0.]
 [0. 1. 0. 0.]]

fourth_row_u:
[[1. 0. 2. 3.]]

Y_d_1:
[[0. 0. 1.]
 [1. 0. 0.]
 [0. 0. 0.]]

Y_d_2:
[[0. 1. 0.]
 [0. 0. 0.]
 [0. 0. 1.]]

Charges:
[ 1.     1.347 -0.347  0.693  1.     1.347  2.     1.693  1.     0.693 -1.    -0.   ]

[ 1.    -0.346  1.346 -2.693  1.    -0.346  2.    -1.693  1.    -2.693 -1.     0.   ]

##############################################################################################################

Y_u_1:
[[0. 0. 0. 1.]
 [0. 0. 0. 0.]
 [0. 1. 0. 0.]]

Y_u_2:
[[0. 0. 0. 0.]
 [0. 0. 1. 0.]
 [0. 0. 0. 1.]]

fourth_row_u:
[[1. 0. 2. 3.]]

Y_d_1:
[[0. 1. 0.]
 [0. 0. 0.]
 [0. 0. 1.]]

Y_d_2:
[[0. 0. 1.]
 [1. 0. 0.]
 [0. 0. 0.]]

Charges:
[ 1.     6.042 -6.042 11.083 -1.     6.042 -1.    12.083 -0.    10.083  0.    -1.   ]

[ 1.     0.322 -0.322 -0.356 -1.     0.322 -1.     0.644 -0.    -1.356 -0.    -1.   ]

##############################################################################################################

Y_u_1:
[[0. 0. 0. 1.]
 [0. 0. 0. 0.]
 [0. 1. 0. 0.]]

Y_u_2:
[[0. 0. 0. 0.]
 [0. 0. 1. 0.]
 [0. 0. 0. 1.]]

fourth_row_u:
[[1. 0. 2. 3.]]

Y_d_1:
[[0. 1. 0.]
 [1. 0. 0.]
 [0. 0. 1.]]

Y_d_2:
[[0. 0. 1.]
 [0. 0. 0.]
 [0. 0. 0.]]

Charges:
[ 1.     0.358 -0.358 -0.284 -1.     0.358 -1.     0.716  0.    -0.284 -0.    -1.   ]

[ 1.    -3.331  3.331 -7.661 -1.    -3.331 -1.    -6.661 -0.    -7.661 -0.    -1.   ]

##############################################################################################################

CASE 24:
M_u:
[[0 0 0 1]
 [0 0 1 1]
 [0 1 1 0]
 [1 0 1 0]]
M_d:
[[0 0 1]
 [0 1 0]
 [1 1 0]]

POSSIBLE DECOMPOSITIONS:

Y_u_1:
[[0. 0. 0. 0.]
 [0. 0. 0. 1.]
 [0. 0. 1. 0.]]

Y_u_2:
[[0. 0. 0. 1.]
 [0. 0. 1. 0.]
 [0. 1. 0. 0.]]

fourth_row_u:
[[1. 0. 2. 0.]]

Y_d_1:
[[0. 0. 0.]
 [0. 1. 0.]
 [1. 0. 0.]]

Y_d_2:
[[0. 0. 1.]
 [0. 0. 0.]
 [0. 1. 0.]]

Charges:
[ 1.    -0.268 -2.268  1.     2.    -0.268  3.     2.     1.     2.     1.    -1.   ]

[ 1.    10.892  8.892  1.     2.    10.892  3.     2.     1.     2.     1.    -1.   ]

##############################################################################################################

CASE 25:
M_u:
[[0 0 0 1]
 [0 0 1 1]
 [0 1 1 0]
 [1 0 0 1]]
M_d:
[[0 1 1]
 [0 0 1]
 [1 0 0]]

POSSIBLE DECOMPOSITIONS:

Y_u_1:
[[0. 0. 0. 0.]
 [0. 0. 0. 1.]
 [0. 0. 1. 0.]]

Y_u_2:
[[0. 0. 0. 1.]
 [0. 0. 1. 0.]
 [0. 1. 0. 0.]]

fourth_row_u:
[[1. 0. 0. 2.]]

Y_d_1:
[[0. 0. 1.]
 [0. 0. 0.]
 [1. 0. 0.]]

Y_d_2:
[[0. 1. 0.]
 [0. 0. 1.]
 [0. 0. 0.]]

Charges:
[ 1.    -3.154 -4.154  1.     2.    -3.154  3.     2.     1.     2.    -1.    -0.   ]

[ 1.     2.786  1.786  1.     2.     2.786  3.     2.     1.     2.    -1.     0.   ]

##############################################################################################################

CASE 26:
M_u:
[[0 0 0 1]
 [0 0 1 0]
 [0 1 0 1]
 [1 0 1 1]]
M_d:
[[0 0 1]
 [0 1 1]
 [1 0 0]]

POSSIBLE DECOMPOSITIONS:

Y_u_1:
[[0. 0. 0. 1.]
 [0. 0. 0. 0.]
 [0. 1. 0. 0.]]

Y_u_2:
[[0. 0. 0. 0.]
 [0. 0. 1. 0.]
 [0. 0. 0. 1.]]

fourth_row_u:
[[2. 0. 1. 3.]]

Y_d_1:
[[0. 0. 1.]
 [0. 1. 0.]
 [0. 0. 0.]]

Y_d_2:
[[0. 0. 0.]
 [0. 0. 1.]
 [1. 0. 0.]]

Charges:
[ 1.  2. -2.  1. -1.  4. -1.  2. -0. -2.  1. -0.]

##############################################################################################################

Y_u_1:
[[0. 0. 0. 1.]
 [0. 0. 0. 0.]
 [0. 1. 0. 0.]]

Y_u_2:
[[0. 0. 0. 0.]
 [0. 0. 1. 0.]
 [0. 0. 0. 1.]]

fourth_row_u:
[[2. 0. 3. 1.]]

Y_d_1:
[[0. 0. 1.]
 [0. 1. 0.]
 [0. 0. 0.]]

Y_d_2:
[[0. 0. 0.]
 [0. 0. 1.]
 [1. 0. 0.]]

Charges:
[ 1. -0.  2.  1. -1. -2. -1.  2.  0. -2.  1. -0.]

##############################################################################################################

CASE 27:
M_u:
[[0 0 0 1]
 [0 0 1 1]
 [0 1 1 0]
 [1 0 0 1]]
M_d:
[[0 0 1]
 [0 1 0]
 [1 1 0]]

POSSIBLE DECOMPOSITIONS:

Y_u_1:
[[0. 0. 0. 0.]
 [0. 0. 0. 1.]
 [0. 0. 1. 0.]]

Y_u_2:
[[0. 0. 0. 1.]
 [0. 0. 1. 0.]
 [0. 1. 0. 0.]]

fourth_row_u:
[[1. 0. 0. 2.]]

Y_d_1:
[[0. 0. 0.]
 [0. 1. 0.]
 [1. 0. 0.]]

Y_d_2:
[[0. 0. 1.]
 [0. 0. 0.]
 [0. 1. 0.]]

Charges:
[ 1.    -1.603 -2.603  1.     2.    -1.603  3.     2.     1.     2.     1.    -1.   ]

[ 1.     4.923  3.923  1.     2.     4.923  3.     2.     1.     2.     1.    -1.   ]

##############################################################################################################

CASE 28:
M_u:
[[0 0 0 1]
 [0 0 1 1]
 [1 1 0 0]
 [0 1 0 1]]
M_d:
[[0 1 1]
 [0 0 1]
 [1 0 0]]

POSSIBLE DECOMPOSITIONS:

Y_u_1:
[[0. 0. 0. 0.]
 [0. 0. 0. 1.]
 [1. 0. 0. 0.]]

Y_u_2:
[[0. 0. 0. 1.]
 [0. 0. 1. 0.]
 [0. 1. 0. 0.]]

fourth_row_u:
[[0. 1. 0. 2.]]

Y_d_1:
[[0. 0. 1.]
 [0. 0. 0.]
 [0. 0. 0.]]

Y_d_2:
[[0. 1. 0.]
 [0. 0. 1.]
 [1. 0. 0.]]

Charges:
[ 1.     0.518 -0.482  1.    -0.482 -0.482  0.518  2.     1.    -1.482 -1.    -0.   ]

[ 1.     6.558  5.558  1.     5.558  5.558  6.558  2.     1.     4.558 -1.    -0.   ]

##############################################################################################################

Y_u_1:
[[0. 0. 0. 0.]
 [0. 0. 0. 1.]
 [1. 0. 0. 0.]]

Y_u_2:
[[0. 0. 0. 1.]
 [0. 0. 1. 0.]
 [0. 1. 0. 0.]]

fourth_row_u:
[[0. 1. 0. 2.]]

Y_d_1:
[[0. 0. 1.]
 [0. 0. 0.]
 [1. 0. 0.]]

Y_d_2:
[[0. 1. 0.]
 [0. 0. 1.]
 [0. 0. 0.]]

Charges:
[ 1.     9.134  8.134  1.     8.134  8.134  9.134  2.     1.     8.134 -1.    -0.   ]

[ 1.     0.483 -0.517  1.    -0.517 -0.517  0.483  2.     1.    -0.517 -1.    -0.   ]

##############################################################################################################

Y_u_1:
[[0. 0. 0. 0.]
 [0. 0. 0. 1.]
 [0. 1. 0. 0.]]

Y_u_2:
[[0. 0. 0. 1.]
 [0. 0. 1. 0.]
 [1. 0. 0. 0.]]

fourth_row_u:
[[0. 1. 0. 2.]]

Y_d_1:
[[0. 0. 1.]
 [0. 0. 0.]
 [0. 0. 0.]]

Y_d_2:
[[0. 1. 0.]
 [0. 0. 1.]
 [1. 0. 0.]]

Charges:
[ 1.     0.558 -0.442  1.     0.558  1.558  0.558  2.     1.    -0.442 -1.     0.   ]

[ 1.    -4.449 -5.449  1.    -4.449 -3.449 -4.449  2.     1.    -5.449 -1.     0.   ]

##############################################################################################################

Y_u_1:
[[0. 0. 0. 0.]
 [0. 0. 0. 1.]
 [0. 1. 0. 0.]]

Y_u_2:
[[0. 0. 0. 1.]
 [0. 0. 1. 0.]
 [1. 0. 0. 0.]]

fourth_row_u:
[[0. 1. 0. 2.]]

Y_d_1:
[[0. 0. 1.]
 [0. 0. 0.]
 [1. 0. 0.]]

Y_d_2:
[[0. 1. 0.]
 [0. 0. 1.]
 [0. 0. 0.]]

Charges:
[ 1.     1.884  0.884  1.     1.884  2.884  1.884  2.     1.     1.884 -1.     0.   ]

[ 1.    -0.885 -1.885  1.    -0.885  0.115 -0.885  2.     1.    -0.885 -1.     0.   ]

##############################################################################################################

CASE 29:
M_u:
[[0 0 0 1]
 [0 0 1 1]
 [1 1 0 0]
 [0 1 1 1]]
M_d:
[[0 0 1]
 [0 1 0]
 [1 0 0]]

POSSIBLE DECOMPOSITIONS:

Y_u_1:
[[0. 0. 0. 0.]
 [0. 0. 0. 1.]
 [1. 0. 0. 0.]]

Y_u_2:
[[0. 0. 0. 1.]
 [0. 0. 1. 0.]
 [0. 1. 0. 0.]]

fourth_row_u:
[[0. 1. 2. 3.]]

Y_d_1:
[[0. 0. 0.]
 [0. 1. 0.]
 [0. 0. 0.]]

Y_d_2:
[[0. 0. 1.]
 [0. 0. 0.]
 [1. 0. 0.]]

Charges:
[ 1.   1.5 -0.5  1.   0.5  0.5  1.5  2.   1.  -0.5  1.  -1. ]

##############################################################################################################

Y_u_1:
[[0. 0. 0. 0.]
 [0. 0. 0. 1.]
 [1. 0. 0. 0.]]

Y_u_2:
[[0. 0. 0. 1.]
 [0. 0. 1. 0.]
 [0. 1. 0. 0.]]

fourth_row_u:
[[0. 1. 2. 3.]]

Y_d_1:
[[0. 0. 0.]
 [0. 1. 0.]
 [1. 0. 0.]]

Y_d_2:
[[0. 0. 1.]
 [0. 0. 0.]
 [0. 0. 0.]]

Charges:
[ 1.   1.5 -0.5  1.   0.5  0.5  1.5  2.   1.   0.5  1.  -1. ]

##############################################################################################################

Y_u_1:
[[0. 0. 0. 0.]
 [0. 0. 0. 1.]
 [0. 1. 0. 0.]]

Y_u_2:
[[0. 0. 0. 1.]
 [0. 0. 1. 0.]
 [1. 0. 0. 0.]]

fourth_row_u:
[[0. 1. 2. 3.]]

Y_d_1:
[[0. 0. 0.]
 [0. 1. 0.]
 [0. 0. 0.]]

Y_d_2:
[[0. 0. 1.]
 [0. 0. 0.]
 [1. 0. 0.]]

Charges:
[ 1.   1.5 -0.5  1.   1.5  2.5  1.5  2.   1.   0.5  1.  -1. ]

##############################################################################################################

Y_u_1:
[[0. 0. 0. 0.]
 [0. 0. 0. 1.]
 [0. 1. 0. 0.]]

Y_u_2:
[[0. 0. 0. 1.]
 [0. 0. 1. 0.]
 [1. 0. 0. 0.]]

fourth_row_u:
[[0. 1. 2. 3.]]

Y_d_1:
[[0. 0. 0.]
 [0. 1. 0.]
 [1. 0. 0.]]

Y_d_2:
[[0. 0. 1.]
 [0. 0. 0.]
 [0. 0. 0.]]

Charges:
[ 1.   1.5 -0.5  1.   1.5  2.5  1.5  2.   1.   1.5  1.  -1. ]

##############################################################################################################

Y_u_1:
[[0. 0. 0. 0.]
 [0. 0. 0. 1.]
 [0. 1. 0. 0.]]

Y_u_2:
[[0. 0. 0. 1.]
 [0. 0. 1. 0.]
 [1. 0. 0. 0.]]

fourth_row_u:
[[0. 2. 1. 3.]]

Y_d_1:
[[0. 0. 0.]
 [0. 1. 0.]
 [0. 0. 0.]]

Y_d_2:
[[0. 0. 1.]
 [0. 0. 0.]
 [1. 0. 0.]]

Charges:
[ 1.  2. -1.  1.  3.  4.  3.  2.  1.  2.  1. -1.]

##############################################################################################################

Y_u_1:
[[0. 0. 0. 0.]
 [0. 0. 0. 1.]
 [0. 1. 0. 0.]]

Y_u_2:
[[0. 0. 0. 1.]
 [0. 0. 1. 0.]
 [1. 0. 0. 0.]]

fourth_row_u:
[[0. 2. 1. 3.]]

Y_d_1:
[[0. 0. 0.]
 [0. 1. 0.]
 [1. 0. 0.]]

Y_d_2:
[[0. 0. 1.]
 [0. 0. 0.]
 [0. 0. 0.]]

Charges:
[ 1.  2. -1.  1.  3.  4.  3.  2.  1.  3.  1. -1.]

##############################################################################################################

CASE 30:
M_u:
[[0 0 0 1]
 [0 1 1 0]
 [1 0 1 0]
 [0 1 1 1]]
M_d:
[[0 0 1]
 [0 1 0]
 [1 0 0]]

POSSIBLE DECOMPOSITIONS:

Y_u_1:
[[0. 0. 0. 0.]
 [0. 1. 0. 0.]
 [0. 0. 1. 0.]]

Y_u_2:
[[0. 0. 0. 1.]
 [0. 0. 1. 0.]
 [1. 0. 0. 0.]]

fourth_row_u:
[[0. 1. 2. 3.]]

Y_d_1:
[[0. 0. 0.]
 [0. 0. 0.]
 [1. 0. 0.]]

Y_d_2:
[[0. 0. 1.]
 [0. 1. 0.]
 [0. 0. 0.]]

Charges:
[ 1.  2. -1.  2.  3.  4.  2.  3.  1.  3.  1. -1.]

##############################################################################################################

Y_u_1:
[[0. 0. 0. 0.]
 [0. 1. 0. 0.]
 [0. 0. 1. 0.]]

Y_u_2:
[[0. 0. 0. 1.]
 [0. 0. 1. 0.]
 [1. 0. 0. 0.]]

fourth_row_u:
[[0. 1. 2. 3.]]

Y_d_1:
[[0. 0. 1.]
 [0. 0. 0.]
 [1. 0. 0.]]

Y_d_2:
[[0. 0. 0.]
 [0. 1. 0.]
 [0. 0. 0.]]

Charges:
[ 1.  2. -1.  2.  3.  4.  2.  3.  1.  3.  1.  0.]

##############################################################################################################

Y_u_1:
[[0. 0. 0. 0.]
 [0. 1. 0. 0.]
 [0. 0. 1. 0.]]

Y_u_2:
[[0. 0. 0. 1.]
 [0. 0. 1. 0.]
 [1. 0. 0. 0.]]

fourth_row_u:
[[0. 2. 3. 1.]]

Y_d_1:
[[0. 0. 0.]
 [0. 0. 0.]
 [1. 0. 0.]]

Y_d_2:
[[0. 0. 1.]
 [0. 1. 0.]
 [0. 0. 0.]]

Charges:
[ 1.   1.   0.5  0.5  1.5  2.5  0.5  1.5  1.   1.5 -0.5 -1. ]

##############################################################################################################

Y_u_1:
[[0. 0. 0. 0.]
 [0. 1. 0. 0.]
 [0. 0. 1. 0.]]

Y_u_2:
[[0. 0. 0. 1.]
 [0. 0. 1. 0.]
 [1. 0. 0. 0.]]

fourth_row_u:
[[0. 2. 3. 1.]]

Y_d_1:
[[0. 0. 1.]
 [0. 0. 0.]
 [1. 0. 0.]]

Y_d_2:
[[0. 0. 0.]
 [0. 1. 0.]
 [0. 0. 0.]]

Charges:
[ 1.   1.   0.5  0.5  1.5  2.5  0.5  1.5  1.   1.5 -0.5 -0. ]

##############################################################################################################

Y_u_1:
[[0. 0. 0. 0.]
 [0. 0. 1. 0.]
 [1. 0. 0. 0.]]

Y_u_2:
[[0. 0. 0. 1.]
 [0. 1. 0. 0.]
 [0. 0. 1. 0.]]

fourth_row_u:
[[0. 2. 3. 1.]]

Y_d_1:
[[0. 0. 0.]
 [0. 1. 0.]
 [0. 0. 0.]]

Y_d_2:
[[0. 0. 1.]
 [0. 0. 0.]
 [1. 0. 0.]]

Charges:
[ 1.   1.  -0.5  0.5 -0.5 -0.5  1.5  0.5  1.  -1.5  0.5 -1. ]

##############################################################################################################

Y_u_1:
[[0. 0. 0. 0.]
 [0. 0. 1. 0.]
 [1. 0. 0. 0.]]

Y_u_2:
[[0. 0. 0. 1.]
 [0. 1. 0. 0.]
 [0. 0. 1. 0.]]

fourth_row_u:
[[0. 2. 3. 1.]]

Y_d_1:
[[0. 0. 1.]
 [0. 1. 0.]
 [0. 0. 0.]]

Y_d_2:
[[0. 0. 0.]
 [0. 0. 0.]
 [1. 0. 0.]]

Charges:
[ 1.   1.  -0.5  0.5 -0.5 -0.5  1.5  0.5  1.  -1.5  0.5 -0. ]

##############################################################################################################


THERE ARE IN TOTAL 30 MAXIMALLY RESTRICTIVE PAIRS OF TEXTURE ZEROS REALIZABLE WITH 2HDM + ABELIAN SYMMETRY (AFTER MINUIT). 

TEXTURES FOR MASS MATRIX OF UP SECTOR:

4_0:

[[0 0 0 1]
 [0 0 1 0]
 [0 1 0 1]]

DECOMPOSITIONS:

4_0_0:

Y_u_1:
[[0. 0. 0. 1.]
 [0. 0. 0. 0.]
 [0. 1. 0. 0.]]

Y_u_2:
[[0. 0. 0. 0.]
 [0. 0. 1. 0.]
 [0. 0. 0. 1.]]

###########################################

4_0_1:

Y_u_1:
[[0. 0. 0. 0.]
 [0. 0. 0. 0.]
 [0. 0. 0. 1.]]

Y_u_2:
[[0. 0. 0. 1.]
 [0. 0. 1. 0.]
 [0. 1. 0. 0.]]

###########################################

##############################################################################################################

4_1:

[[0 0 0 1]
 [0 0 1 0]
 [1 1 0 0]]

DECOMPOSITIONS:

4_1_0:

Y_u_1:
[[0. 0. 0. 1.]
 [0. 0. 0. 0.]
 [1. 0. 0. 0.]]

Y_u_2:
[[0. 0. 0. 0.]
 [0. 0. 1. 0.]
 [0. 1. 0. 0.]]

###########################################

4_1_1:

Y_u_1:
[[0. 0. 0. 1.]
 [0. 0. 0. 0.]
 [0. 1. 0. 0.]]

Y_u_2:
[[0. 0. 0. 0.]
 [0. 0. 1. 0.]
 [1. 0. 0. 0.]]

###########################################

##############################################################################################################

5_0:

[[0 0 0 1]
 [0 0 1 1]
 [0 1 1 0]]

DECOMPOSITIONS:

5_0_0:

Y_u_1:
[[0. 0. 0. 0.]
 [0. 0. 0. 1.]
 [0. 0. 1. 0.]]

Y_u_2:
[[0. 0. 0. 1.]
 [0. 0. 1. 0.]
 [0. 1. 0. 0.]]

###########################################

##############################################################################################################

5_1:

[[0 0 0 1]
 [0 0 1 1]
 [1 1 0 0]]

DECOMPOSITIONS:

5_1_0:

Y_u_1:
[[0. 0. 0. 0.]
 [0. 0. 0. 1.]
 [1. 0. 0. 0.]]

Y_u_2:
[[0. 0. 0. 1.]
 [0. 0. 1. 0.]
 [0. 1. 0. 0.]]

###########################################

5_1_1:

Y_u_1:
[[0. 0. 0. 0.]
 [0. 0. 0. 1.]
 [0. 1. 0. 0.]]

Y_u_2:
[[0. 0. 0. 1.]
 [0. 0. 1. 0.]
 [1. 0. 0. 0.]]

###########################################

##############################################################################################################

5_2:

[[0 0 0 1]
 [0 1 1 0]
 [1 0 1 0]]

DECOMPOSITIONS:

5_2_0:

Y_u_1:
[[0. 0. 0. 0.]
 [0. 1. 0. 0.]
 [0. 0. 1. 0.]]

Y_u_2:
[[0. 0. 0. 1.]
 [0. 0. 1. 0.]
 [1. 0. 0. 0.]]

###########################################

5_2_1:

Y_u_1:
[[0. 0. 0. 0.]
 [0. 0. 1. 0.]
 [1. 0. 0. 0.]]

Y_u_2:
[[0. 0. 0. 1.]
 [0. 1. 0. 0.]
 [0. 0. 1. 0.]]

###########################################

##############################################################################################################

6_0:

[[0 0 1 1]
 [0 1 0 1]
 [1 0 1 0]]

DECOMPOSITIONS:

6_0_0:

Y_u_1:
[[0. 0. 1. 0.]
 [0. 0. 0. 1.]
 [1. 0. 0. 0.]]

Y_u_2:
[[0. 0. 0. 1.]
 [0. 1. 0. 0.]
 [0. 0. 1. 0.]]

###########################################

##############################################################################################################

TEXTURES FOR MASS MATRIX OF DOWN SECTOR:

3_0:
[[0 0 1]
 [0 1 0]
 [1 0 0]]

DECOMPOSITIONS:

3_0_0:
Y_d_1:
[[0. 0. 0.]
 [0. 1. 0.]
 [0. 0. 0.]]

Y_d_2:
[[0. 0. 1.]
 [0. 0. 0.]
 [1. 0. 0.]]

###########################################

3_0_1:
Y_d_1:
[[0. 0. 0.]
 [0. 1. 0.]
 [1. 0. 0.]]

Y_d_2:
[[0. 0. 1.]
 [0. 0. 0.]
 [0. 0. 0.]]

###########################################

3_0_2:
Y_d_1:
[[0. 0. 0.]
 [0. 0. 0.]
 [1. 0. 0.]]

Y_d_2:
[[0. 0. 1.]
 [0. 1. 0.]
 [0. 0. 0.]]

###########################################

3_0_3:
Y_d_1:
[[0. 0. 1.]
 [0. 0. 0.]
 [1. 0. 0.]]

Y_d_2:
[[0. 0. 0.]
 [0. 1. 0.]
 [0. 0. 0.]]

###########################################

3_0_4:
Y_d_1:
[[0. 0. 1.]
 [0. 1. 0.]
 [0. 0. 0.]]

Y_d_2:
[[0. 0. 0.]
 [0. 0. 0.]
 [1. 0. 0.]]

###########################################

##############################################################################################################

4_0:
[[0 0 1]
 [0 1 0]
 [1 0 1]]

DECOMPOSITIONS:

4_0_0:
Y_d_1:
[[0. 0. 1.]
 [0. 0. 0.]
 [1. 0. 0.]]

Y_d_2:
[[0. 0. 0.]
 [0. 1. 0.]
 [0. 0. 1.]]

###########################################

4_0_1:
Y_d_1:
[[0. 0. 1.]
 [0. 1. 0.]
 [1. 0. 0.]]

Y_d_2:
[[0. 0. 0.]
 [0. 0. 0.]
 [0. 0. 1.]]

###########################################

4_0_2:
Y_d_1:
[[0. 0. 0.]
 [0. 0. 0.]
 [0. 0. 1.]]

Y_d_2:
[[0. 0. 1.]
 [0. 1. 0.]
 [1. 0. 0.]]

###########################################

4_0_3:
Y_d_1:
[[0. 0. 0.]
 [0. 1. 0.]
 [0. 0. 1.]]

Y_d_2:
[[0. 0. 1.]
 [0. 0. 0.]
 [1. 0. 0.]]

###########################################

##############################################################################################################

4_1:
[[0 1 1]
 [0 0 1]
 [1 0 0]]

DECOMPOSITIONS:

4_1_0:
Y_d_1:
[[0. 0. 1.]
 [0. 0. 0.]
 [1. 0. 0.]]

Y_d_2:
[[0. 1. 0.]
 [0. 0. 1.]
 [0. 0. 0.]]

###########################################

4_1_1:
Y_d_1:
[[0. 0. 1.]
 [0. 0. 0.]
 [0. 0. 0.]]

Y_d_2:
[[0. 1. 0.]
 [0. 0. 1.]
 [1. 0. 0.]]

###########################################

##############################################################################################################

4_2:
[[0 0 1]
 [0 1 1]
 [1 0 0]]

DECOMPOSITIONS:

4_2_0:
Y_d_1:
[[0. 0. 1.]
 [0. 1. 0.]
 [0. 0. 0.]]

Y_d_2:
[[0. 0. 0.]
 [0. 0. 1.]
 [1. 0. 0.]]

###########################################

4_2_1:
Y_d_1:
[[0. 0. 1.]
 [0. 1. 0.]
 [1. 0. 0.]]

Y_d_2:
[[0. 0. 0.]
 [0. 0. 1.]
 [0. 0. 0.]]

###########################################

##############################################################################################################

4_3:
[[0 0 1]
 [0 1 0]
 [1 1 0]]

DECOMPOSITIONS:

4_3_0:
Y_d_1:
[[0. 0. 0.]
 [0. 1. 0.]
 [1. 0. 0.]]

Y_d_2:
[[0. 0. 1.]
 [0. 0. 0.]
 [0. 1. 0.]]

###########################################

4_3_1:
Y_d_1:
[[0. 0. 1.]
 [0. 1. 0.]
 [1. 0. 0.]]

Y_d_2:
[[0. 0. 0.]
 [0. 0. 0.]
 [0. 1. 0.]]

###########################################

4_3_2:
Y_d_1:
[[0. 0. 0.]
 [0. 0. 0.]
 [0. 1. 0.]]

Y_d_2:
[[0. 0. 1.]
 [0. 1. 0.]
 [1. 0. 0.]]

###########################################

4_3_3:
Y_d_1:
[[0. 0. 1.]
 [0. 0. 0.]
 [0. 1. 0.]]

Y_d_2:
[[0. 0. 0.]
 [0. 1. 0.]
 [1. 0. 0.]]

###########################################

##############################################################################################################

4_4:
[[0 1 1]
 [1 0 0]
 [0 0 1]]

DECOMPOSITIONS:

4_4_0:
Y_d_1:
[[0. 0. 1.]
 [0. 0. 0.]
 [0. 0. 0.]]

Y_d_2:
[[0. 1. 0.]
 [1. 0. 0.]
 [0. 0. 1.]]

###########################################

4_4_1:
Y_d_1:
[[0. 0. 1.]
 [1. 0. 0.]
 [0. 0. 0.]]

Y_d_2:
[[0. 1. 0.]
 [0. 0. 0.]
 [0. 0. 1.]]

###########################################

4_4_2:
Y_d_1:
[[0. 1. 0.]
 [0. 0. 0.]
 [0. 0. 1.]]

Y_d_2:
[[0. 0. 1.]
 [1. 0. 0.]
 [0. 0. 0.]]

###########################################

4_4_3:
Y_d_1:
[[0. 1. 0.]
 [1. 0. 0.]
 [0. 0. 1.]]

Y_d_2:
[[0. 0. 1.]
 [0. 0. 0.]
 [0. 0. 0.]]

###########################################

##############################################################################################################

4_5:
[[0 0 1]
 [1 1 0]
 [0 1 0]]

DECOMPOSITIONS:

4_5_0:
Y_d_1:
[[0. 0. 0.]
 [0. 1. 0.]
 [0. 0. 0.]]

Y_d_2:
[[0. 0. 1.]
 [1. 0. 0.]
 [0. 1. 0.]]

###########################################

4_5_1:
Y_d_1:
[[0. 0. 1.]
 [0. 1. 0.]
 [0. 0. 0.]]

Y_d_2:
[[0. 0. 0.]
 [1. 0. 0.]
 [0. 1. 0.]]

###########################################

4_5_2:
Y_d_1:
[[0. 0. 0.]
 [1. 0. 0.]
 [0. 1. 0.]]

Y_d_2:
[[0. 0. 1.]
 [0. 1. 0.]
 [0. 0. 0.]]

###########################################

4_5_3:
Y_d_1:
[[0. 0. 1.]
 [1. 0. 0.]
 [0. 1. 0.]]

Y_d_2:
[[0. 0. 0.]
 [0. 1. 0.]
 [0. 0. 0.]]

###########################################

##############################################################################################################

5_0:
[[0 1 1]
 [0 0 1]
 [1 1 0]]

DECOMPOSITIONS:

5_0_0:
Y_d_1:
[[0. 0. 1.]
 [0. 0. 0.]
 [0. 1. 0.]]

Y_d_2:
[[0. 1. 0.]
 [0. 0. 1.]
 [1. 0. 0.]]

###########################################

##############################################################################################################

5_1:
[[0 1 1]
 [1 0 1]
 [0 1 0]]

DECOMPOSITIONS:

5_1_0:
Y_d_1:
[[0. 0. 1.]
 [1. 0. 0.]
 [0. 1. 0.]]

Y_d_2:
[[0. 1. 0.]
 [0. 0. 1.]
 [0. 0. 0.]]

###########################################

##############################################################################################################

CONDENSED VIEW OF LIST:
LABELS FOR THE 4TH ROW:

1 -> BARE MASS TERM
2 -> COUPLINGS TO SINGLET SCALAR S
3 -> COUPLINGS TO CONJUNGATE SINGLET SCALAR S*

IF THERE IS NO LABEL, THEN ALL POSSIBLE COMBINATIONS OF COUPLINGS ARE POSSIBLE

CASE 1:
M_u: 4_0_0          4th_row = [3, 0]/[3, 1]                           M_d: 5_0_0
#####################################

CASE 2:
M_u: 4_0_0          4th_row = [3, 0]/[3, 3]                           M_d: 5_0_0
#####################################

CASE 3:
M_u: 4_0_0          4th_row = [3, 0]/[3, 3]                           M_d: 5_1_0
#####################################

CASE 4:
M_u: 4_0_0          4th_row = [3, 0]/[3, 2]                           M_d: 5_1_0
#####################################

CASE 5:
M_u: 4_0_0          4th_row = [3, 0]/[3, 1]                           M_d: 5_1_0
#####################################

CASE 6:
M_u: 4_0_0          4th_row = [3, 0]/[3, 2]                           M_d: 5_0_0
#####################################

CASE 7:
M_u: 4_0_1          4th_row = [3, 0]/[3, 1]/[3, 2]                    M_d: 4_0_0
M_u: 4_0_1          4th_row = [3, 0]/[3, 1]/[3, 2]                    M_d: 4_0_1
M_u: 4_0_0          4th_row = [3, 0]/[3, 1]/[3, 2]                    M_d: 4_0_2
M_u: 4_0_0          4th_row = [3, 0]/[3, 1]/[3, 2]                    M_d: 4_0_3
#####################################

CASE 8:
M_u: 5_0_0          4th_row = [3, 0]/[3, 1]                           M_d: 4_1_0
#####################################

CASE 9:
M_u: 5_1_0          4th_row = [3, 1]/[3, 3]                           M_d: 4_2_0
M_u: 5_1_0          4th_row = [3, 1]/[3, 3]                           M_d: 4_2_1
M_u: 5_1_1          4th_row = [3, 1]/[3, 3]                           M_d: 4_2_0
M_u: 5_1_1          4th_row = [3, 1]/[3, 3]                           M_d: 4_2_1
#####################################

CASE 10:
M_u: 5_1_0          4th_row = [3, 1]/[3, 2]                           M_d: 4_2_0
M_u: 5_1_0          4th_row = [3, 1]/[3, 2]                           M_d: 4_2_1
M_u: 5_1_1          4th_row = [3, 1]/[3, 2]                           M_d: 4_2_0
M_u: 5_1_1          4th_row = [3, 1]/[3, 2]                           M_d: 4_2_1
#####################################

CASE 11:
M_u: 4_1_0          4th_row = [3, 1](2)/[3, 2](1)/[3, 3](3)           M_d: 4_2_0
M_u: 4_1_0          4th_row = [3, 1](2)/[3, 2](1)/[3, 3](3)           M_d: 4_2_1
M_u: 4_1_0          4th_row = [3, 1](2)/[3, 2](3)/[3, 3](1)           M_d: 4_2_0
M_u: 4_1_0          4th_row = [3, 1](2)/[3, 2](3)/[3, 3](1)           M_d: 4_2_1
M_u: 4_1_1          4th_row = [3, 1](2)/[3, 2](1)/[3, 3](3)           M_d: 4_2_0
M_u: 4_1_1          4th_row = [3, 1](2)/[3, 2](1)/[3, 3](3)           M_d: 4_2_1
M_u: 4_1_1          4th_row = [3, 1](2)/[3, 2](3)/[3, 3](1)           M_d: 4_2_0
M_u: 4_1_1          4th_row = [3, 1](2)/[3, 2](3)/[3, 3](1)           M_d: 4_2_1
#####################################

CASE 12:
M_u: 5_2_0          4th_row = [3, 2]/[3, 3]                           M_d: 4_3_0
M_u: 5_2_0          4th_row = [3, 2]/[3, 3]                           M_d: 4_3_1
M_u: 5_2_1          4th_row = [3, 2]/[3, 3]                           M_d: 4_3_2
M_u: 5_2_1          4th_row = [3, 2]/[3, 3]                           M_d: 4_3_3
#####################################

CASE 13:
M_u: 5_1_0          4th_row = [3, 1]/[3, 2]                           M_d: 4_1_1
M_u: 5_1_0          4th_row = [3, 1]/[3, 2]                           M_d: 4_1_0
M_u: 5_1_1          4th_row = [3, 1]/[3, 2]                           M_d: 4_1_1
M_u: 5_1_1          4th_row = [3, 1]/[3, 2]                           M_d: 4_1_0
#####################################

CASE 14:
M_u: 5_2_0          4th_row = [3, 1]/[3, 3]                           M_d: 4_3_0
M_u: 5_2_0          4th_row = [3, 1]/[3, 3]                           M_d: 4_3_1
M_u: 5_2_1          4th_row = [3, 1]/[3, 3]                           M_d: 4_3_2
M_u: 5_2_1          4th_row = [3, 1]/[3, 3]                           M_d: 4_3_3
#####################################

CASE 15:
M_u: 6_0_0          4th_row = [3, 1]                                  M_d: 4_2_0
#####################################

CASE 16:
M_u: 4_0_1          4th_row = [3, 0]/[3, 1]/[3, 2]                    M_d: 4_4_0
M_u: 4_0_1          4th_row = [3, 0]/[3, 1]/[3, 2]                    M_d: 4_4_1
M_u: 4_0_0          4th_row = [3, 0]/[3, 1]/[3, 2]                    M_d: 4_4_2
M_u: 4_0_0          4th_row = [3, 0]/[3, 1]/[3, 2]                    M_d: 4_4_3
#####################################

CASE 17:
M_u: 5_2_0          4th_row = [3, 1]/[3, 3]                           M_d: 4_5_0
M_u: 5_2_0          4th_row = [3, 1]/[3, 3]                           M_d: 4_5_1
M_u: 5_2_1          4th_row = [3, 1]/[3, 3]                           M_d: 4_5_2
M_u: 5_2_1          4th_row = [3, 1]/[3, 3]                           M_d: 4_5_3
#####################################

CASE 18:
M_u: 6_0_0          4th_row = [3, 1]                                  M_d: 4_0_3
#####################################

CASE 19:
M_u: 4_0_1          4th_row = [3, 0]/[3, 2]/[3, 3]                    M_d: 4_0_0
M_u: 4_0_1          4th_row = [3, 0]/[3, 2]/[3, 3]                    M_d: 4_0_1
M_u: 4_0_0          4th_row = [3, 0]/[3, 2]/[3, 3]                    M_d: 4_0_2
M_u: 4_0_0          4th_row = [3, 0]/[3, 2]/[3, 3]                    M_d: 4_0_3
#####################################

CASE 20:
M_u: 4_0_0          4th_row = [3, 0]/[3, 1]/[3, 2]                    M_d: 4_2_0
#####################################

CASE 21:
M_u: 5_0_0          4th_row = [3, 0]/[3, 2]                           M_d: 4_1_0
#####################################

CASE 22:
M_u: 5_0_0          4th_row = [3, 0]/[3, 1]                           M_d: 4_3_0
#####################################

CASE 23:
M_u: 4_0_1          4th_row = [3, 0]/[3, 2]/[3, 3]                    M_d: 4_4_0
M_u: 4_0_1          4th_row = [3, 0]/[3, 2]/[3, 3]                    M_d: 4_4_1
M_u: 4_0_0          4th_row = [3, 0]/[3, 2]/[3, 3]                    M_d: 4_4_2
M_u: 4_0_0          4th_row = [3, 0]/[3, 2]/[3, 3]                    M_d: 4_4_3
#####################################

CASE 24:
M_u: 5_0_0          4th_row = [3, 0]/[3, 2]                           M_d: 4_3_0
#####################################

CASE 25:
M_u: 5_0_0          4th_row = [3, 0]/[3, 3]                           M_d: 4_1_0
#####################################

CASE 26:
M_u: 4_0_0          4th_row = [3, 0](2)/[3, 2](1)/[3, 3](3)           M_d: 4_2_0
M_u: 4_0_0          4th_row = [3, 0](2)/[3, 2](3)/[3, 3](1)           M_d: 4_2_0
#####################################

CASE 27:
M_u: 5_0_0          4th_row = [3, 0]/[3, 3]                           M_d: 4_3_0
#####################################

CASE 28:
M_u: 5_1_0          4th_row = [3, 1]/[3, 3]                           M_d: 4_1_1
M_u: 5_1_0          4th_row = [3, 1]/[3, 3]                           M_d: 4_1_0
M_u: 5_1_1          4th_row = [3, 1]/[3, 3]                           M_d: 4_1_1
M_u: 5_1_1          4th_row = [3, 1]/[3, 3]                           M_d: 4_1_0
#####################################

CASE 29:
M_u: 5_1_0          4th_row = [3, 1](1)/[3, 2](2)/[3, 3](3)           M_d: 3_0_0
M_u: 5_1_0          4th_row = [3, 1](1)/[3, 2](2)/[3, 3](3)           M_d: 3_0_1
M_u: 5_1_1          4th_row = [3, 1](1)/[3, 2](2)/[3, 3](3)           M_d: 3_0_0
M_u: 5_1_1          4th_row = [3, 1](1)/[3, 2](2)/[3, 3](3)           M_d: 3_0_1
M_u: 5_1_1          4th_row = [3, 1](2)/[3, 2](1)/[3, 3](3)           M_d: 3_0_0
M_u: 5_1_1          4th_row = [3, 1](2)/[3, 2](1)/[3, 3](3)           M_d: 3_0_1
#####################################

CASE 30:
M_u: 5_2_0          4th_row = [3, 1](1)/[3, 2](2)/[3, 3](3)           M_d: 3_0_2
M_u: 5_2_0          4th_row = [3, 1](1)/[3, 2](2)/[3, 3](3)           M_d: 3_0_3
M_u: 5_2_0          4th_row = [3, 1](2)/[3, 2](3)/[3, 3](1)           M_d: 3_0_2
M_u: 5_2_0          4th_row = [3, 1](2)/[3, 2](3)/[3, 3](1)           M_d: 3_0_3
M_u: 5_2_1          4th_row = [3, 1](2)/[3, 2](3)/[3, 3](1)           M_d: 3_0_0
M_u: 5_2_1          4th_row = [3, 1](2)/[3, 2](3)/[3, 3](1)           M_d: 3_0_4
#####################################


THERE ARE IN TOTAL 30 MAXIMALLY RESTRICTIVE PAIRS OF TEXTURE ZEROS REALIZABLE WITH 2HDM + ABELIAN SYMMETRY (AFTER MINUIT). 

