LIST OF MAXIMALLY RESTRICTIVE PAIRS OF TEXTURE ZEROS REALIZABLE WITH 2HDM + ABELIAN SYMMETRY (AFTER MINUIT):

M_u:
[[0 0 1 1]
 [0 1 0 1]
 [1 0 1 0]
 [0 1 0 0]]
M_d:
[[0 0 1]
 [0 1 1]
 [1 0 0]]

POSSIBLE DECOMPOSITIONS:

Y_u_1:
[[0. 0. 1. 0.]
 [0. 0. 0. 1.]
 [1. 0. 0. 0.]]

Y_u_2:
[[0. 0. 0. 1.]
 [0. 1. 0. 0.]
 [0. 0. 1. 0.]]

fourth_row_u:
[[0. 1. 0. 0.]]

Y_d_1:
[[0. 0. 1.]
 [0. 1. 0.]
 [0. 0. 0.]]

Y_d_2:
[[0. 0. 0.]
 [0. 0. 1.]
 [1. 0. 0.]]

Charges:
[[ 1.00000000e+00]
 [ 2.00000000e+00]
 [ 1.00000000e+00]
 [-1.00000000e+00]
 [-1.00000000e+00]
 [ 2.00000000e+00]
 [ 7.06541606e-16]
 [ 1.00000000e+00]
 [-2.00000000e+00]
 [ 1.00000000e+00]
 [-4.71027738e-16]]

##############################################################################################################

Y_u_1:
[[0. 0. 0. 1.]
 [0. 1. 0. 0.]
 [0. 0. 1. 0.]]

Y_u_2:
[[0. 0. 1. 0.]
 [0. 0. 0. 1.]
 [1. 0. 0. 0.]]

fourth_row_u:
[[0. 1. 0. 0.]]

Y_d_1:
[[0. 0. 0.]
 [0. 0. 1.]
 [1. 0. 0.]]

Y_d_2:
[[0. 0. 1.]
 [0. 1. 0.]
 [0. 0. 0.]]

Charges:
[[ 1.00000000e+00]
 [-1.00000000e+00]
 [-1.00000000e+00]
 [ 1.00000000e+00]
 [ 2.00000000e+00]
 [-1.00000000e+00]
 [ 1.00000000e+00]
 [ 5.55111512e-17]
 [ 1.00000000e+00]
 [-2.00000000e+00]
 [-1.00000000e+00]]

##############################################################################################################

M_u:
[[0 0 1 1]
 [0 1 0 1]
 [1 0 1 0]
 [0 1 0 0]]
M_d:
[[0 0 1]
 [0 1 0]
 [1 0 1]]

POSSIBLE DECOMPOSITIONS:

Y_u_1:
[[0. 0. 1. 0.]
 [0. 0. 0. 1.]
 [1. 0. 0. 0.]]

Y_u_2:
[[0. 0. 0. 1.]
 [0. 1. 0. 0.]
 [0. 0. 1. 0.]]

fourth_row_u:
[[0. 1. 0. 0.]]

Y_d_1:
[[0. 0. 0.]
 [0. 1. 0.]
 [0. 0. 1.]]

Y_d_2:
[[0. 0. 1.]
 [0. 0. 0.]
 [1. 0. 0.]]

Charges:
[[ 1.00000000e+00]
 [ 2.00000000e+00]
 [ 1.00000000e+00]
 [-1.00000000e+00]
 [-1.00000000e+00]
 [ 2.00000000e+00]
 [-4.83934997e-16]
 [ 1.00000000e+00]
 [-2.00000000e+00]
 [ 1.00000000e+00]
 [-1.00000000e+00]]

##############################################################################################################

Y_u_1:
[[0. 0. 0. 1.]
 [0. 1. 0. 0.]
 [0. 0. 1. 0.]]

Y_u_2:
[[0. 0. 1. 0.]
 [0. 0. 0. 1.]
 [1. 0. 0. 0.]]

fourth_row_u:
[[0. 1. 0. 0.]]

Y_d_1:
[[0. 0. 1.]
 [0. 0. 0.]
 [1. 0. 0.]]

Y_d_2:
[[0. 0. 0.]
 [0. 1. 0.]
 [0. 0. 1.]]

Charges:
[[ 1.00000000e+00]
 [-1.00000000e+00]
 [-1.00000000e+00]
 [ 1.00000000e+00]
 [ 2.00000000e+00]
 [-1.00000000e+00]
 [ 1.00000000e+00]
 [-4.29987528e-16]
 [ 1.00000000e+00]
 [-2.00000000e+00]
 [-0.00000000e+00]]

##############################################################################################################


THERE ARE IN TOTAL 2 MAXIMALLY RESTRICTIVE PAIRS OF TEXTURE ZEROS REALIZABLE WITH 2HDM + ABELIAN SYMMETRY (AFTER MINUIT). 

CONDENSED VIEW OF LIST:

Y_u_1: [0, 2]/[1, 3]/[2, 0]   Y_u_2: [0, 3]/[1, 1]/[2, 2]   4th_row = [[3, 1]]                                Y_d_1: [0, 2]/[1, 1]          Y_d_2: [1, 2]/[2, 0]          
Y_u_1: [0, 3]/[1, 1]/[2, 2]   Y_u_2: [0, 2]/[1, 3]/[2, 0]   4th_row = [[3, 1]]                                Y_d_1: [1, 2]/[2, 0]          Y_d_2: [0, 2]/[1, 1]          
#####################################

Y_u_1: [0, 2]/[1, 3]/[2, 0]   Y_u_2: [0, 3]/[1, 1]/[2, 2]   4th_row = [[3, 1]]                                Y_d_1: [1, 1]/[2, 2]          Y_d_2: [0, 2]/[2, 0]          
Y_u_1: [0, 3]/[1, 1]/[2, 2]   Y_u_2: [0, 2]/[1, 3]/[2, 0]   4th_row = [[3, 1]]                                Y_d_1: [0, 2]/[2, 0]          Y_d_2: [1, 1]/[2, 2]          
#####################################


THERE ARE IN TOTAL 2 MAXIMALLY RESTRICTIVE PAIRS OF TEXTURE ZEROS REALIZABLE WITH 2HDM + ABELIAN SYMMETRY (AFTER MINUIT). 

