LIST OF MAXIMALLY RESTRICTIVE PAIRS OF TEXTURE ZEROS (AFTER MINUIT) WITHOUT DEGREES OF FREEDOM:

1 = REAL ENTRY
2 = COMPLEX ENTRY
N = NUMBER OF PHYSICAL PARAMETERS

PAIRS WITH (11,4) TEXTURE ZEROS FOR (M_u, M_d):

M_u:
[[0. 0. 0. 1.]
 [0. 0. 1. 0.]
 [0. 1. 0. 0.]
 [1. 0. 0. 1.]]

M_d:
[[0. 0. 1.]
 [0. 1. 0.]
 [1. 1. 1.]]

N = 10

====================

M_u:
[[0. 0. 0. 1.]
 [0. 0. 1. 0.]
 [0. 1. 0. 0.]
 [1. 0. 0. 1.]]

M_d:
[[0. 0. 1.]
 [0. 1. 1.]
 [1. 0. 1.]]

N = 10

====================

M_u:
[[0. 0. 0. 1.]
 [0. 0. 1. 0.]
 [0. 1. 0. 0.]
 [1. 0. 0. 1.]]

M_d:
[[0. 0. 1.]
 [0. 1. 1.]
 [1. 1. 0.]]

N = 10

====================

M_u:
[[0. 0. 0. 1.]
 [0. 0. 1. 0.]
 [0. 1. 0. 0.]
 [1. 0. 0. 1.]]

M_d:
[[0. 1. 1.]
 [0. 0. 1.]
 [1. 0. 1.]]

N = 10

====================

M_u:
[[0. 0. 0. 1.]
 [0. 0. 1. 0.]
 [0. 1. 0. 0.]
 [1. 0. 0. 1.]]

M_d:
[[0. 1. 1.]
 [0. 0. 1.]
 [1. 1. 0.]]

N = 10

====================

M_u:
[[0. 0. 0. 1.]
 [0. 0. 1. 0.]
 [0. 1. 0. 0.]
 [1. 0. 0. 1.]]

M_d:
[[0. 1. 1.]
 [1. 0. 0.]
 [1. 0. 1.]]

N = 10

====================

M_u:
[[0. 0. 0. 1.]
 [0. 0. 1. 0.]
 [0. 1. 0. 0.]
 [1. 0. 0. 1.]]

M_d:
[[1. 1. 1.]
 [0. 0. 1.]
 [0. 1. 0.]]

N = 10

====================

M_u:
[[0. 0. 0. 1.]
 [0. 0. 1. 0.]
 [1. 1. 0. 0.]
 [0. 1. 0. 0.]]

M_d:
[[0. 0. 1.]
 [0. 1. 0.]
 [1. 1. 1.]]

N = 10

====================

M_u:
[[0. 0. 0. 1.]
 [0. 0. 1. 0.]
 [1. 1. 0. 0.]
 [0. 1. 0. 0.]]

M_d:
[[0. 0. 1.]
 [0. 1. 1.]
 [1. 0. 1.]]

N = 10

====================

M_u:
[[0. 0. 0. 1.]
 [0. 0. 1. 0.]
 [1. 1. 0. 0.]
 [0. 1. 0. 0.]]

M_d:
[[0. 0. 1.]
 [0. 1. 1.]
 [1. 1. 0.]]

N = 10

====================

M_u:
[[0. 0. 0. 1.]
 [0. 0. 1. 0.]
 [1. 1. 0. 0.]
 [0. 1. 0. 0.]]

M_d:
[[0. 0. 1.]
 [1. 1. 0.]
 [0. 1. 1.]]

N = 10

====================

M_u:
[[0. 0. 0. 1.]
 [0. 0. 1. 0.]
 [1. 1. 0. 0.]
 [0. 1. 0. 0.]]

M_d:
[[0. 0. 1.]
 [1. 1. 1.]
 [0. 1. 0.]]

N = 10

====================

M_u:
[[0. 0. 0. 1.]
 [0. 0. 1. 0.]
 [1. 1. 0. 0.]
 [0. 1. 0. 0.]]

M_d:
[[0. 1. 1.]
 [1. 0. 1.]
 [0. 0. 1.]]

N = 10

====================

M_u:
[[0. 0. 0. 1.]
 [0. 0. 1. 0.]
 [1. 1. 0. 0.]
 [0. 1. 0. 0.]]

M_d:
[[0. 1. 1.]
 [1. 0. 1.]
 [0. 1. 0.]]

N = 10

====================

THERE ARE 14 PAIRS WITH (11,4) TEXTURE ZEROS

PAIRS WITH (10,5) TEXTURE ZEROS FOR (M_u, M_d):

M_u:
[[0. 0. 0. 1.]
 [0. 0. 1. 0.]
 [0. 1. 0. 0.]
 [1. 0. 1. 1.]]

M_d:
[[0. 0. 1.]
 [0. 1. 0.]
 [1. 0. 1.]]

N = 10

====================

M_u:
[[0. 0. 0. 1.]
 [0. 0. 1. 0.]
 [0. 1. 0. 0.]
 [1. 0. 1. 1.]]

M_d:
[[0. 0. 1.]
 [1. 1. 0.]
 [0. 1. 0.]]

N = 10

====================

M_u:
[[0. 0. 0. 1.]
 [0. 0. 1. 0.]
 [0. 1. 0. 1.]
 [1. 0. 0. 1.]]

M_d:
[[0. 0. 1.]
 [0. 1. 0.]
 [1. 1. 0.]]

N = 10

====================

M_u:
[[0. 0. 0. 1.]
 [0. 0. 1. 0.]
 [0. 1. 0. 1.]
 [1. 0. 0. 1.]]

M_d:
[[0. 0. 1.]
 [0. 1. 1.]
 [1. 0. 0.]]

N = 10

====================

M_u:
[[0. 0. 0. 1.]
 [0. 0. 1. 0.]
 [0. 1. 0. 1.]
 [1. 0. 0. 1.]]

M_d:
[[0. 0. 1.]
 [1. 1. 0.]
 [0. 1. 0.]]

N = 10

====================

M_u:
[[0. 0. 0. 1.]
 [0. 0. 1. 0.]
 [0. 1. 0. 1.]
 [1. 0. 0. 1.]]

M_d:
[[0. 1. 1.]
 [0. 0. 1.]
 [1. 0. 0.]]

N = 10

====================

M_u:
[[0. 0. 0. 1.]
 [0. 0. 1. 0.]
 [0. 1. 0. 1.]
 [1. 1. 0. 0.]]

M_d:
[[0. 0. 1.]
 [0. 1. 0.]
 [1. 1. 0.]]

N = 10

====================

M_u:
[[0. 0. 0. 1.]
 [0. 0. 1. 0.]
 [0. 1. 0. 1.]
 [1. 1. 0. 0.]]

M_d:
[[0. 0. 1.]
 [0. 1. 1.]
 [1. 0. 0.]]

N = 10

====================

M_u:
[[0. 0. 0. 1.]
 [0. 0. 1. 0.]
 [0. 1. 0. 1.]
 [1. 1. 0. 0.]]

M_d:
[[0. 0. 1.]
 [1. 1. 0.]
 [0. 1. 0.]]

N = 10

====================

M_u:
[[0. 0. 0. 1.]
 [0. 0. 1. 0.]
 [0. 1. 0. 1.]
 [1. 1. 0. 0.]]

M_d:
[[0. 1. 1.]
 [0. 0. 1.]
 [1. 0. 0.]]

N = 10

====================

M_u:
[[0. 0. 0. 1.]
 [0. 0. 1. 0.]
 [1. 1. 0. 0.]
 [0. 1. 0. 1.]]

M_d:
[[0. 0. 1.]
 [0. 1. 0.]
 [1. 1. 0.]]

N = 10

====================

M_u:
[[0. 0. 0. 1.]
 [0. 0. 1. 0.]
 [1. 1. 0. 0.]
 [0. 1. 0. 1.]]

M_d:
[[0. 0. 1.]
 [0. 1. 1.]
 [1. 0. 0.]]

N = 10

====================

M_u:
[[0. 0. 0. 1.]
 [0. 0. 1. 0.]
 [1. 1. 0. 0.]
 [0. 1. 0. 1.]]

M_d:
[[0. 0. 1.]
 [1. 1. 0.]
 [0. 1. 0.]]

N = 10

====================

M_u:
[[0. 0. 0. 1.]
 [0. 0. 1. 0.]
 [1. 1. 0. 0.]
 [0. 1. 0. 1.]]

M_d:
[[0. 1. 1.]
 [0. 0. 1.]
 [1. 0. 0.]]

N = 10

====================

M_u:
[[0. 0. 0. 1.]
 [0. 0. 1. 0.]
 [1. 1. 0. 1.]
 [0. 1. 0. 0.]]

M_d:
[[0. 0. 1.]
 [0. 1. 0.]
 [1. 1. 0.]]

N = 10

====================

M_u:
[[0. 0. 0. 1.]
 [0. 0. 1. 0.]
 [1. 1. 0. 1.]
 [0. 1. 0. 0.]]

M_d:
[[0. 0. 1.]
 [0. 1. 1.]
 [1. 0. 0.]]

N = 10

====================

M_u:
[[0. 0. 0. 1.]
 [0. 0. 1. 0.]
 [1. 1. 0. 1.]
 [0. 1. 0. 0.]]

M_d:
[[0. 0. 1.]
 [1. 1. 0.]
 [0. 1. 0.]]

N = 10

====================

M_u:
[[0. 0. 0. 1.]
 [0. 0. 1. 0.]
 [1. 1. 0. 1.]
 [0. 1. 0. 0.]]

M_d:
[[0. 1. 1.]
 [0. 0. 1.]
 [1. 0. 0.]]

N = 10

====================

M_u:
[[0. 0. 0. 1.]
 [0. 1. 1. 0.]
 [1. 0. 1. 0.]
 [0. 0. 1. 0.]]

M_d:
[[0. 0. 1.]
 [0. 1. 0.]
 [1. 0. 1.]]

N = 10

====================

M_u:
[[0. 0. 0. 1.]
 [0. 1. 1. 0.]
 [1. 0. 1. 0.]
 [0. 0. 1. 0.]]

M_d:
[[0. 1. 1.]
 [0. 0. 1.]
 [1. 0. 0.]]

N = 10

====================

M_u:
[[0. 0. 0. 1.]
 [0. 1. 1. 0.]
 [1. 0. 1. 0.]
 [0. 1. 0. 0.]]

M_d:
[[0. 0. 1.]
 [0. 1. 0.]
 [1. 0. 1.]]

N = 10

====================

M_u:
[[0. 0. 0. 1.]
 [0. 1. 1. 0.]
 [1. 0. 1. 0.]
 [0. 1. 0. 0.]]

M_d:
[[0. 0. 1.]
 [0. 1. 1.]
 [1. 0. 0.]]

N = 10

====================

M_u:
[[0. 0. 0. 1.]
 [0. 1. 1. 0.]
 [1. 0. 1. 0.]
 [0. 1. 0. 0.]]

M_d:
[[0. 1. 1.]
 [0. 0. 1.]
 [1. 0. 0.]]

N = 10

====================

M_u:
[[0. 0. 0. 1.]
 [0. 1. 1. 0.]
 [1. 0. 1. 0.]
 [0. 1. 0. 0.]]

M_d:
[[0. 1. 1.]
 [1. 0. 0.]
 [0. 0. 1.]]

N = 10

====================

THERE ARE 24 PAIRS WITH (10,5) TEXTURE ZEROS

PAIRS WITH (9,6) TEXTURE ZEROS FOR (M_u, M_d):

M_u:
[[0. 0. 0. 1.]
 [0. 0. 1. 0.]
 [0. 1. 0. 0.]
 [1. 1. 1. 1.]]

M_d:
[[0. 0. 1.]
 [0. 1. 0.]
 [1. 0. 0.]]

N = 10

====================

M_u:
[[0. 0. 0. 1.]
 [0. 0. 1. 0.]
 [0. 1. 0. 1.]
 [1. 0. 1. 1.]]

M_d:
[[0. 0. 1.]
 [0. 1. 0.]
 [1. 0. 0.]]

N = 10

====================

M_u:
[[0. 0. 0. 1.]
 [0. 0. 1. 0.]
 [0. 1. 0. 1.]
 [1. 1. 1. 0.]]

M_d:
[[0. 0. 1.]
 [0. 1. 0.]
 [1. 0. 0.]]

N = 10

====================

M_u:
[[0. 0. 0. 1.]
 [0. 0. 1. 0.]
 [0. 1. 1. 1.]
 [1. 0. 0. 1.]]

M_d:
[[0. 0. 1.]
 [0. 1. 0.]
 [1. 0. 0.]]

N = 10

====================

M_u:
[[0. 0. 0. 1.]
 [0. 0. 1. 0.]
 [0. 1. 1. 1.]
 [1. 1. 0. 0.]]

M_d:
[[0. 0. 1.]
 [0. 1. 0.]
 [1. 0. 0.]]

N = 10

====================

M_u:
[[0. 0. 0. 1.]
 [0. 0. 1. 0.]
 [1. 1. 0. 0.]
 [0. 1. 1. 1.]]

M_d:
[[0. 0. 1.]
 [0. 1. 0.]
 [1. 0. 0.]]

N = 10

====================

M_u:
[[0. 0. 0. 1.]
 [0. 0. 1. 0.]
 [1. 1. 0. 1.]
 [0. 1. 1. 0.]]

M_d:
[[0. 0. 1.]
 [0. 1. 0.]
 [1. 0. 0.]]

N = 10

====================

M_u:
[[0. 0. 0. 1.]
 [0. 0. 1. 0.]
 [1. 1. 1. 1.]
 [0. 1. 0. 0.]]

M_d:
[[0. 0. 1.]
 [0. 1. 0.]
 [1. 0. 0.]]

N = 10

====================

M_u:
[[0. 0. 0. 1.]
 [0. 0. 1. 1.]
 [0. 1. 0. 1.]
 [1. 0. 0. 1.]]

M_d:
[[0. 0. 1.]
 [0. 1. 0.]
 [1. 0. 0.]]

N = 10

====================

M_u:
[[0. 0. 0. 1.]
 [0. 0. 1. 1.]
 [0. 1. 0. 1.]
 [1. 0. 1. 0.]]

M_d:
[[0. 0. 1.]
 [0. 1. 0.]
 [1. 0. 0.]]

N = 10

====================

M_u:
[[0. 0. 0. 1.]
 [0. 0. 1. 1.]
 [0. 1. 1. 0.]
 [1. 0. 0. 1.]]

M_d:
[[0. 0. 1.]
 [0. 1. 0.]
 [1. 0. 0.]]

N = 10

====================

M_u:
[[0. 0. 0. 1.]
 [0. 0. 1. 1.]
 [0. 1. 1. 0.]
 [1. 0. 1. 0.]]

M_d:
[[0. 0. 1.]
 [0. 1. 0.]
 [1. 0. 0.]]

N = 10

====================

M_u:
[[0. 0. 0. 1.]
 [0. 0. 1. 1.]
 [0. 1. 1. 0.]
 [1. 1. 0. 0.]]

M_d:
[[0. 0. 1.]
 [0. 1. 0.]
 [1. 0. 0.]]

N = 10

====================

M_u:
[[0. 0. 0. 1.]
 [0. 0. 1. 1.]
 [1. 1. 0. 0.]
 [0. 1. 0. 1.]]

M_d:
[[0. 0. 1.]
 [0. 1. 0.]
 [1. 0. 0.]]

N = 10

====================

M_u:
[[0. 0. 0. 1.]
 [0. 0. 1. 1.]
 [1. 1. 0. 0.]
 [0. 1. 1. 0.]]

M_d:
[[0. 0. 1.]
 [0. 1. 0.]
 [1. 0. 0.]]

N = 10

====================

M_u:
[[0. 0. 0. 1.]
 [0. 0. 1. 1.]
 [1. 1. 0. 1.]
 [0. 1. 0. 0.]]

M_d:
[[0. 0. 1.]
 [0. 1. 0.]
 [1. 0. 0.]]

N = 10

====================

M_u:
[[0. 0. 0. 1.]
 [0. 0. 1. 1.]
 [1. 1. 1. 0.]
 [0. 1. 0. 0.]]

M_d:
[[0. 0. 1.]
 [0. 1. 0.]
 [1. 0. 0.]]

N = 10

====================

M_u:
[[0. 0. 0. 1.]
 [0. 1. 1. 0.]
 [1. 0. 1. 0.]
 [0. 0. 1. 1.]]

M_d:
[[0. 0. 1.]
 [0. 1. 0.]
 [1. 0. 0.]]

N = 10

====================

M_u:
[[0. 0. 0. 1.]
 [0. 1. 1. 0.]
 [1. 0. 1. 0.]
 [0. 1. 0. 1.]]

M_d:
[[0. 0. 1.]
 [0. 1. 0.]
 [1. 0. 0.]]

N = 10

====================

M_u:
[[0. 0. 0. 1.]
 [0. 1. 1. 0.]
 [1. 0. 1. 1.]
 [0. 0. 1. 0.]]

M_d:
[[0. 0. 1.]
 [0. 1. 0.]
 [1. 0. 0.]]

N = 10

====================

M_u:
[[0. 0. 0. 1.]
 [0. 1. 1. 0.]
 [1. 0. 1. 1.]
 [0. 1. 0. 0.]]

M_d:
[[0. 0. 1.]
 [0. 1. 0.]
 [1. 0. 0.]]

N = 10

====================

M_u:
[[0. 0. 0. 1.]
 [0. 1. 1. 0.]
 [1. 0. 1. 1.]
 [1. 0. 0. 0.]]

M_d:
[[0. 0. 1.]
 [0. 1. 0.]
 [1. 0. 0.]]

N = 10

====================

M_u:
[[0. 0. 1. 1.]
 [0. 1. 0. 1.]
 [1. 0. 0. 1.]
 [0. 0. 0. 1.]]

M_d:
[[0. 0. 1.]
 [0. 1. 0.]
 [1. 0. 0.]]

N = 10

====================

M_u:
[[0. 0. 1. 1.]
 [0. 1. 0. 1.]
 [1. 0. 0. 1.]
 [0. 0. 1. 0.]]

M_d:
[[0. 0. 1.]
 [0. 1. 0.]
 [1. 0. 0.]]

N = 10

====================

M_u:
[[0. 0. 1. 1.]
 [0. 1. 0. 1.]
 [1. 0. 1. 0.]
 [0. 0. 0. 1.]]

M_d:
[[0. 0. 1.]
 [0. 1. 0.]
 [1. 0. 0.]]

N = 10

====================

M_u:
[[0. 0. 1. 1.]
 [0. 1. 0. 1.]
 [1. 0. 1. 0.]
 [0. 1. 0. 0.]]

M_d:
[[0. 0. 1.]
 [0. 1. 0.]
 [1. 0. 0.]]

N = 10

====================

THERE ARE 26 PAIRS WITH (9,6) TEXTURE ZEROS

CONDENSED VIEW OF LIST:
NOTATION: M_(u/d)_{positions of real entries}^{positions of complex entries}

(M_u, M_d) = (11,4):

1) M_u_{3,6,9,12,15}^{} / M_d_{2,4,6,7,8}^{}           |N = 10
2) M_u_{3,6,9,12,15}^{} / M_d_{2,4,5,6,8}^{}           |N = 10
3) M_u_{3,6,9,12,15}^{} / M_d_{2,4,5,6,7}^{}           |N = 10
4) M_u_{3,6,9,12,15}^{} / M_d_{1,2,5,6,8}^{}           |N = 10
5) M_u_{3,6,9,12,15}^{} / M_d_{1,2,5,6,7}^{}           |N = 10
6) M_u_{3,6,9,12,15}^{} / M_d_{1,2,3,6,8}^{}           |N = 10
7) M_u_{3,6,9,12,15}^{} / M_d_{0,1,2,5,7}^{}           |N = 10
8) M_u_{3,6,8,9,13}^{} / M_d_{2,4,6,7,8}^{}            |N = 10
9) M_u_{3,6,8,9,13}^{} / M_d_{2,4,5,6,8}^{}            |N = 10
10) M_u_{3,6,8,9,13}^{} / M_d_{2,4,5,6,7}^{}           |N = 10
11) M_u_{3,6,8,9,13}^{} / M_d_{2,3,4,7,8}^{}           |N = 10
12) M_u_{3,6,8,9,13}^{} / M_d_{2,3,4,5,7}^{}           |N = 10
13) M_u_{3,6,8,9,13}^{} / M_d_{1,2,3,5,8}^{}           |N = 10
14) M_u_{3,6,8,9,13}^{} / M_d_{1,2,3,5,7}^{}           |N = 10

(M_u, M_d) = (10,5):

1) M_u_{3,6,9,12,14,15}^{} / M_d_{2,4,6,8}^{}          |N = 10
2) M_u_{3,6,9,12,14,15}^{} / M_d_{2,3,4,7}^{}          |N = 10
3) M_u_{3,6,9,11,12,15}^{} / M_d_{2,4,6,7}^{}          |N = 10
4) M_u_{3,6,9,11,12,15}^{} / M_d_{2,4,5,6}^{}          |N = 10
5) M_u_{3,6,9,11,12,15}^{} / M_d_{2,3,4,7}^{}          |N = 10
6) M_u_{3,6,9,11,12,15}^{} / M_d_{1,2,5,6}^{}          |N = 10
7) M_u_{3,6,9,11,12,13}^{} / M_d_{2,4,6,7}^{}          |N = 10
8) M_u_{3,6,9,11,12,13}^{} / M_d_{2,4,5,6}^{}          |N = 10
9) M_u_{3,6,9,11,12,13}^{} / M_d_{2,3,4,7}^{}          |N = 10
10) M_u_{3,6,9,11,12,13}^{} / M_d_{1,2,5,6}^{}         |N = 10
11) M_u_{3,6,8,9,13,15}^{} / M_d_{2,4,6,7}^{}          |N = 10
12) M_u_{3,6,8,9,13,15}^{} / M_d_{2,4,5,6}^{}          |N = 10
13) M_u_{3,6,8,9,13,15}^{} / M_d_{2,3,4,7}^{}          |N = 10
14) M_u_{3,6,8,9,13,15}^{} / M_d_{1,2,5,6}^{}          |N = 10
15) M_u_{3,6,8,9,11,13}^{} / M_d_{2,4,6,7}^{}          |N = 10
16) M_u_{3,6,8,9,11,13}^{} / M_d_{2,4,5,6}^{}          |N = 10
17) M_u_{3,6,8,9,11,13}^{} / M_d_{2,3,4,7}^{}          |N = 10
18) M_u_{3,6,8,9,11,13}^{} / M_d_{1,2,5,6}^{}          |N = 10
19) M_u_{3,5,6,8,10,14}^{} / M_d_{2,4,6,8}^{}          |N = 10
20) M_u_{3,5,6,8,10,14}^{} / M_d_{1,2,5,6}^{}          |N = 10
21) M_u_{3,5,6,8,10,13}^{} / M_d_{2,4,6,8}^{}          |N = 10
22) M_u_{3,5,6,8,10,13}^{} / M_d_{2,4,5,6}^{}          |N = 10
23) M_u_{3,5,6,8,10,13}^{} / M_d_{1,2,5,6}^{}          |N = 10
24) M_u_{3,5,6,8,10,13}^{} / M_d_{1,2,3,8}^{}          |N = 10

(M_u, M_d) = (9,6):

1) M_u_{3,6,9,12,13,14,15}^{} / M_d_{2,4,6}^{}         |N = 10
2) M_u_{3,6,9,11,12,14,15}^{} / M_d_{2,4,6}^{}         |N = 10
3) M_u_{3,6,9,11,12,13,14}^{} / M_d_{2,4,6}^{}         |N = 10
4) M_u_{3,6,9,10,11,12,15}^{} / M_d_{2,4,6}^{}         |N = 10
5) M_u_{3,6,9,10,11,12,13}^{} / M_d_{2,4,6}^{}         |N = 10
6) M_u_{3,6,8,9,13,14,15}^{} / M_d_{2,4,6}^{}          |N = 10
7) M_u_{3,6,8,9,11,13,14}^{} / M_d_{2,4,6}^{}          |N = 10
8) M_u_{3,6,8,9,10,11,13}^{} / M_d_{2,4,6}^{}          |N = 10
9) M_u_{3,6,7,9,11,12,15}^{} / M_d_{2,4,6}^{}          |N = 10
10) M_u_{3,6,7,9,11,12,14}^{} / M_d_{2,4,6}^{}         |N = 10
11) M_u_{3,6,7,9,10,12,15}^{} / M_d_{2,4,6}^{}         |N = 10
12) M_u_{3,6,7,9,10,12,14}^{} / M_d_{2,4,6}^{}         |N = 10
13) M_u_{3,6,7,9,10,12,13}^{} / M_d_{2,4,6}^{}         |N = 10
14) M_u_{3,6,7,8,9,13,15}^{} / M_d_{2,4,6}^{}          |N = 10
15) M_u_{3,6,7,8,9,13,14}^{} / M_d_{2,4,6}^{}          |N = 10
16) M_u_{3,6,7,8,9,11,13}^{} / M_d_{2,4,6}^{}          |N = 10
17) M_u_{3,6,7,8,9,10,13}^{} / M_d_{2,4,6}^{}          |N = 10
18) M_u_{3,5,6,8,10,14,15}^{} / M_d_{2,4,6}^{}         |N = 10
19) M_u_{3,5,6,8,10,13,15}^{} / M_d_{2,4,6}^{}         |N = 10
20) M_u_{3,5,6,8,10,11,14}^{} / M_d_{2,4,6}^{}         |N = 10
21) M_u_{3,5,6,8,10,11,13}^{} / M_d_{2,4,6}^{}         |N = 10
22) M_u_{3,5,6,8,10,11,12}^{} / M_d_{2,4,6}^{}         |N = 10
23) M_u_{2,3,5,7,8,11,15}^{} / M_d_{2,4,6}^{}          |N = 10
24) M_u_{2,3,5,7,8,11,14}^{} / M_d_{2,4,6}^{}          |N = 10
25) M_u_{2,3,5,7,8,10,15}^{} / M_d_{2,4,6}^{}          |N = 10
26) M_u_{2,3,5,7,8,10,13}^{} / M_d_{2,4,6}^{}          |N = 10


THERE ARE IN TOTAL 64 MAXIMALLY RESTRICTIVE PAIRS OF TEXTURE ZEROS (AFTER MINUIT). 
