LIST OF MAXIMALLY RESTRICTIVE PAIRS OF TEXTURE ZEROS (AFTER MINUIT):

PAIRS WITH (12,4) TEXTURE ZEROS FOR (M_u, M_d):

M_u:
[[0 0 0 1]
 [0 0 1 0]
 [0 1 0 0]
 [0 0 0 1]]
M_d:
[[0 1 1]
 [0 0 1]
 [0 1 1]]

M_u:
[[0 0 0 0]
 [0 0 0 1]
 [0 1 1 0]
 [0 0 1 0]]
M_d:
[[0 1 1]
 [0 1 1]
 [0 0 1]]

M_u:
[[0 0 0 0]
 [0 0 0 1]
 [0 0 1 0]
 [0 1 0 1]]
M_d:
[[0 1 1]
 [0 0 1]
 [0 1 1]]

M_u:
[[0 0 0 0]
 [0 0 0 1]
 [0 0 1 0]
 [0 1 0 1]]
M_d:
[[0 0 1]
 [0 1 1]
 [0 1 1]]

M_u:
[[0 0 0 0]
 [0 0 0 1]
 [0 0 1 0]
 [0 1 0 1]]
M_d:
[[0 1 1]
 [0 1 1]
 [0 0 1]]

M_u:
[[0 0 0 0]
 [0 0 0 1]
 [0 1 1 0]
 [0 0 1 0]]
M_d:
[[0 1 1]
 [0 0 1]
 [0 1 1]]

M_u:
[[0 0 0 0]
 [0 0 0 1]
 [0 1 1 0]
 [0 0 1 0]]
M_d:
[[0 0 1]
 [0 1 1]
 [0 1 1]]

M_u:
[[0 0 0 1]
 [0 0 1 0]
 [0 1 0 0]
 [0 0 0 1]]
M_d:
[[0 0 1]
 [0 1 1]
 [0 1 1]]

THERE ARE 8 PAIRS WITH (12,4) TEXTURE ZEROS

PAIRS WITH (11,5) TEXTURE ZEROS FOR (M_u, M_d):

M_u:
[[0 0 0 1]
 [0 0 1 0]
 [0 1 0 1]
 [0 1 0 0]]
M_d:
[[0 1 1]
 [0 0 1]
 [0 0 1]]

M_u:
[[0 0 0 1]
 [0 0 1 0]
 [0 1 0 1]
 [0 0 1 0]]
M_d:
[[0 0 1]
 [0 1 0]
 [0 1 1]]

M_u:
[[0 0 0 0]
 [0 0 0 1]
 [0 1 1 0]
 [0 0 1 1]]
M_d:
[[0 0 1]
 [0 1 1]
 [0 0 1]]

M_u:
[[0 0 0 0]
 [0 0 0 1]
 [0 1 1 1]
 [0 0 1 0]]
M_d:
[[0 0 1]
 [0 1 0]
 [0 1 1]]

M_u:
[[0 0 0 1]
 [0 0 0 1]
 [0 1 1 0]
 [0 0 1 0]]
M_d:
[[0 0 1]
 [0 1 1]
 [0 0 1]]

M_u:
[[0 0 0 1]
 [0 0 0 1]
 [0 0 1 0]
 [0 1 1 0]]
M_d:
[[0 0 1]
 [0 1 1]
 [0 0 1]]

M_u:
[[0 0 0 0]
 [0 0 0 1]
 [0 1 1 0]
 [0 0 1 1]]
M_d:
[[0 0 1]
 [0 0 1]
 [0 1 1]]

M_u:
[[0 0 0 0]
 [0 0 1 1]
 [0 1 0 1]
 [0 0 1 0]]
M_d:
[[0 1 1]
 [0 0 1]
 [0 1 0]]

M_u:
[[0 0 0 1]
 [0 0 0 1]
 [0 0 1 0]
 [0 1 1 0]]
M_d:
[[0 0 1]
 [0 1 0]
 [0 1 1]]

M_u:
[[0 0 0 0]
 [0 0 0 1]
 [0 0 1 1]
 [0 1 0 1]]
M_d:
[[0 0 1]
 [0 1 1]
 [0 0 1]]

M_u:
[[0 0 0 0]
 [0 0 0 1]
 [0 0 1 1]
 [0 1 1 0]]
M_d:
[[0 0 1]
 [0 1 1]
 [0 0 1]]

M_u:
[[0 0 0 0]
 [0 0 0 1]
 [0 0 1 1]
 [0 1 1 0]]
M_d:
[[0 1 1]
 [0 0 1]
 [0 1 0]]

M_u:
[[0 0 0 1]
 [0 0 0 1]
 [0 1 1 0]
 [0 0 1 0]]
M_d:
[[0 0 1]
 [0 1 1]
 [0 1 0]]

M_u:
[[0 0 0 0]
 [0 0 1 1]
 [0 1 0 1]
 [0 0 1 0]]
M_d:
[[0 0 1]
 [0 1 1]
 [0 0 1]]

M_u:
[[0 0 0 1]
 [0 0 0 1]
 [0 1 1 0]
 [0 0 1 0]]
M_d:
[[0 0 1]
 [0 1 0]
 [0 1 1]]

M_u:
[[0 0 0 1]
 [0 0 1 0]
 [0 1 0 1]
 [0 1 0 0]]
M_d:
[[0 0 1]
 [0 1 1]
 [0 1 0]]

M_u:
[[0 0 0 1]
 [0 0 0 1]
 [0 0 1 0]
 [0 1 0 1]]
M_d:
[[0 0 1]
 [0 1 0]
 [0 1 1]]

M_u:
[[0 0 0 0]
 [0 0 0 1]
 [0 0 1 0]
 [0 1 1 1]]
M_d:
[[0 0 1]
 [0 0 1]
 [0 1 1]]

M_u:
[[0 0 0 0]
 [0 0 0 1]
 [0 1 1 1]
 [0 0 1 0]]
M_d:
[[0 0 1]
 [0 0 1]
 [0 1 1]]

M_u:
[[0 0 0 0]
 [0 0 0 1]
 [0 0 1 1]
 [0 1 1 0]]
M_d:
[[0 0 1]
 [0 0 1]
 [0 1 1]]

M_u:
[[0 0 0 0]
 [0 0 0 1]
 [0 1 1 1]
 [0 0 1 0]]
M_d:
[[0 1 1]
 [0 0 1]
 [0 1 0]]

M_u:
[[0 0 0 1]
 [0 0 0 1]
 [0 0 1 0]
 [0 1 1 0]]
M_d:
[[0 0 1]
 [0 1 1]
 [0 1 0]]

M_u:
[[0 0 0 0]
 [0 0 0 1]
 [0 0 1 1]
 [0 1 1 0]]
M_d:
[[0 0 1]
 [0 1 0]
 [0 1 1]]

M_u:
[[0 0 0 0]
 [0 0 0 1]
 [0 1 1 0]
 [0 0 1 1]]
M_d:
[[0 1 1]
 [0 0 1]
 [0 1 0]]

M_u:
[[0 0 0 0]
 [0 0 1 1]
 [0 1 0 1]
 [0 0 1 0]]
M_d:
[[0 0 1]
 [0 0 1]
 [0 1 1]]

M_u:
[[0 0 0 1]
 [0 0 1 0]
 [0 1 0 1]
 [0 1 0 0]]
M_d:
[[0 0 1]
 [0 0 1]
 [0 1 1]]

M_u:
[[0 0 0 0]
 [0 0 0 1]
 [0 0 1 0]
 [0 1 1 1]]
M_d:
[[0 1 1]
 [0 0 1]
 [0 1 0]]

M_u:
[[0 0 0 1]
 [0 0 0 1]
 [0 0 1 0]
 [0 1 0 1]]
M_d:
[[0 0 1]
 [0 1 1]
 [0 1 0]]

M_u:
[[0 0 0 0]
 [0 0 0 1]
 [0 1 1 1]
 [0 0 1 0]]
M_d:
[[0 0 1]
 [0 1 1]
 [0 0 1]]

M_u:
[[0 0 0 1]
 [0 0 1 0]
 [0 1 0 0]
 [0 0 1 1]]
M_d:
[[0 0 1]
 [0 1 0]
 [0 1 1]]

M_u:
[[0 0 0 0]
 [0 0 0 1]
 [0 0 1 1]
 [0 1 0 1]]
M_d:
[[0 0 1]
 [0 0 1]
 [0 1 1]]

M_u:
[[0 0 0 0]
 [0 0 0 1]
 [0 0 1 1]
 [0 1 0 1]]
M_d:
[[0 1 1]
 [0 0 1]
 [0 1 0]]

M_u:
[[0 0 0 1]
 [0 0 1 0]
 [0 1 0 1]
 [0 0 1 0]]
M_d:
[[0 0 1]
 [0 0 1]
 [0 1 1]]

M_u:
[[0 0 0 0]
 [0 0 0 1]
 [0 0 1 0]
 [0 1 1 1]]
M_d:
[[0 0 1]
 [0 1 0]
 [0 1 1]]

M_u:
[[0 0 0 1]
 [0 0 1 0]
 [0 1 0 1]
 [0 1 0 0]]
M_d:
[[0 0 1]
 [0 1 0]
 [0 1 1]]

M_u:
[[0 0 0 0]
 [0 0 0 1]
 [0 0 1 1]
 [0 1 0 1]]
M_d:
[[0 0 1]
 [0 1 0]
 [0 1 1]]

M_u:
[[0 0 0 0]
 [0 0 0 1]
 [0 0 1 1]
 [0 1 0 1]]
M_d:
[[0 0 1]
 [0 1 1]
 [0 1 0]]

M_u:
[[0 0 0 1]
 [0 0 1 0]
 [0 1 0 1]
 [0 0 1 0]]
M_d:
[[0 1 1]
 [0 0 1]
 [0 1 0]]

M_u:
[[0 0 0 0]
 [0 0 1 1]
 [0 1 0 1]
 [0 0 1 0]]
M_d:
[[0 0 1]
 [0 1 0]
 [0 1 1]]

M_u:
[[0 0 0 0]
 [0 0 0 1]
 [0 0 1 1]
 [0 1 1 0]]
M_d:
[[0 0 1]
 [0 1 1]
 [0 1 0]]

M_u:
[[0 0 0 1]
 [0 0 1 0]
 [0 1 0 1]
 [0 1 0 0]]
M_d:
[[0 1 1]
 [0 0 1]
 [0 1 0]]

M_u:
[[0 0 0 1]
 [0 0 1 0]
 [0 1 0 1]
 [0 0 1 0]]
M_d:
[[0 0 1]
 [0 1 1]
 [0 1 0]]

M_u:
[[0 0 0 1]
 [0 0 1 0]
 [0 1 0 1]
 [0 0 1 0]]
M_d:
[[0 1 1]
 [0 0 1]
 [0 0 1]]

M_u:
[[0 0 0 0]
 [0 0 1 1]
 [0 1 0 1]
 [0 0 1 0]]
M_d:
[[0 0 1]
 [0 1 1]
 [0 1 0]]

M_u:
[[0 0 0 0]
 [0 0 0 1]
 [0 1 1 0]
 [0 0 1 1]]
M_d:
[[0 0 1]
 [0 1 0]
 [0 1 1]]

M_u:
[[0 0 0 1]
 [0 0 1 0]
 [0 1 0 0]
 [0 0 1 1]]
M_d:
[[0 0 1]
 [0 1 1]
 [0 1 0]]

M_u:
[[0 0 0 1]
 [0 0 0 1]
 [0 0 1 0]
 [0 1 0 1]]
M_d:
[[0 0 1]
 [0 1 1]
 [0 0 1]]

M_u:
[[0 0 0 0]
 [0 0 0 1]
 [0 1 1 1]
 [0 0 1 0]]
M_d:
[[0 0 1]
 [0 1 1]
 [0 1 0]]

M_u:
[[0 0 0 0]
 [0 0 0 1]
 [0 1 1 0]
 [0 0 1 1]]
M_d:
[[0 0 1]
 [0 1 1]
 [0 1 0]]

M_u:
[[0 0 0 1]
 [0 0 1 0]
 [0 1 0 0]
 [0 0 1 1]]
M_d:
[[0 0 1]
 [0 1 1]
 [0 0 1]]

THERE ARE 50 PAIRS WITH (11,5) TEXTURE ZEROS

PAIRS WITH (10,6) TEXTURE ZEROS FOR (M_u, M_d):

M_u:
[[0 0 0 1]
 [0 0 1 1]
 [0 1 1 0]
 [0 1 0 0]]
M_d:
[[0 0 1]
 [0 1 1]
 [0 0 0]]

M_u:
[[0 0 0 1]
 [0 0 1 1]
 [0 1 1 0]
 [0 1 0 0]]
M_d:
[[0 0 1]
 [0 1 0]
 [0 1 0]]

M_u:
[[0 0 0 1]
 [0 0 1 1]
 [0 1 1 0]
 [0 1 0 0]]
M_d:
[[0 1 1]
 [0 0 0]
 [0 0 1]]

M_u:
[[0 0 0 1]
 [0 0 1 1]
 [0 1 1 0]
 [0 1 0 0]]
M_d:
[[0 0 1]
 [0 0 1]
 [0 1 0]]

M_u:
[[0 0 0 1]
 [0 0 1 1]
 [0 1 1 0]
 [0 1 0 0]]
M_d:
[[0 0 1]
 [0 0 0]
 [0 1 1]]

M_u:
[[0 0 0 1]
 [0 0 1 1]
 [0 1 1 0]
 [0 1 0 0]]
M_d:
[[0 0 1]
 [0 1 0]
 [0 0 1]]

M_u:
[[0 0 0 1]
 [0 0 1 0]
 [0 1 1 1]
 [0 1 0 0]]
M_d:
[[0 0 1]
 [0 1 0]
 [0 0 1]]

M_u:
[[0 0 0 1]
 [0 0 1 1]
 [0 1 0 1]
 [0 0 1 0]]
M_d:
[[0 0 1]
 [0 1 0]
 [0 0 1]]

M_u:
[[0 0 0 1]
 [0 0 0 1]
 [0 0 1 1]
 [0 1 1 0]]
M_d:
[[0 0 1]
 [0 1 0]
 [0 0 1]]

M_u:
[[0 0 0 1]
 [0 0 0 1]
 [0 0 1 0]
 [0 1 1 1]]
M_d:
[[0 0 0]
 [0 0 1]
 [0 1 1]]

M_u:
[[0 0 0 1]
 [0 0 0 1]
 [0 0 1 1]
 [0 1 0 1]]
M_d:
[[0 0 0]
 [0 1 1]
 [0 0 1]]

M_u:
[[0 0 0 1]
 [0 0 0 1]
 [0 1 1 0]
 [0 0 1 1]]
M_d:
[[0 0 0]
 [0 0 1]
 [0 1 1]]

M_u:
[[0 0 0 1]
 [0 0 0 1]
 [0 0 1 0]
 [0 1 1 1]]
M_d:
[[0 0 0]
 [0 1 1]
 [0 0 1]]

M_u:
[[0 0 0 1]
 [0 0 0 1]
 [0 1 1 0]
 [0 0 1 1]]
M_d:
[[0 0 1]
 [0 1 0]
 [0 0 1]]

M_u:
[[0 0 0 1]
 [0 0 0 1]
 [0 0 1 1]
 [0 1 1 0]]
M_d:
[[0 0 0]
 [0 0 1]
 [0 1 1]]

M_u:
[[0 0 0 1]
 [0 0 1 0]
 [0 1 0 1]
 [0 1 1 0]]
M_d:
[[0 0 1]
 [0 1 1]
 [0 0 0]]

M_u:
[[0 0 0 1]
 [0 0 1 1]
 [0 1 1 0]
 [0 1 0 0]]
M_d:
[[0 1 1]
 [0 0 1]
 [0 0 0]]

M_u:
[[0 0 0 1]
 [0 0 1 1]
 [0 1 1 0]
 [0 1 0 0]]
M_d:
[[0 0 0]
 [0 1 1]
 [0 0 1]]

M_u:
[[0 0 0 1]
 [0 0 1 1]
 [0 1 1 0]
 [0 1 0 0]]
M_d:
[[0 0 0]
 [0 0 1]
 [0 1 1]]

M_u:
[[0 0 0 1]
 [0 0 1 0]
 [0 0 1 1]
 [0 1 0 1]]
M_d:
[[0 0 1]
 [0 1 1]
 [0 0 0]]

M_u:
[[0 0 0 1]
 [0 0 1 0]
 [0 0 1 1]
 [0 1 0 1]]
M_d:
[[0 1 1]
 [0 0 0]
 [0 0 1]]

M_u:
[[0 0 0 1]
 [0 0 1 0]
 [0 1 0 1]
 [0 1 1 0]]
M_d:
[[0 0 1]
 [0 1 0]
 [0 1 0]]

M_u:
[[0 0 0 1]
 [0 0 0 1]
 [0 0 1 1]
 [0 1 1 0]]
M_d:
[[0 0 0]
 [0 1 1]
 [0 0 1]]

M_u:
[[0 0 0 1]
 [0 0 1 1]
 [0 1 0 1]
 [0 0 1 0]]
M_d:
[[0 1 1]
 [0 0 0]
 [0 0 1]]

M_u:
[[0 0 0 1]
 [0 0 1 0]
 [0 1 0 1]
 [0 0 1 1]]
M_d:
[[0 0 1]
 [0 1 0]
 [0 1 0]]

M_u:
[[0 0 0 1]
 [0 0 1 1]
 [0 1 0 1]
 [0 0 1 0]]
M_d:
[[0 0 0]
 [0 0 1]
 [0 1 1]]

M_u:
[[0 0 0 1]
 [0 0 1 1]
 [0 1 0 1]
 [0 0 1 0]]
M_d:
[[0 0 0]
 [0 1 1]
 [0 0 1]]

M_u:
[[0 0 0 1]
 [0 0 1 0]
 [0 0 1 1]
 [0 1 0 1]]
M_d:
[[0 1 1]
 [0 0 1]
 [0 0 0]]

M_u:
[[0 0 0 1]
 [0 0 1 0]
 [0 1 0 1]
 [0 1 1 0]]
M_d:
[[0 0 0]
 [0 1 1]
 [0 0 1]]

M_u:
[[0 0 0 1]
 [0 0 1 0]
 [0 1 1 1]
 [0 1 0 0]]
M_d:
[[0 0 1]
 [0 0 1]
 [0 1 0]]

M_u:
[[0 0 0 1]
 [0 0 0 1]
 [0 1 1 1]
 [0 0 1 0]]
M_d:
[[0 0 1]
 [0 1 0]
 [0 0 1]]

M_u:
[[0 0 0 1]
 [0 0 1 0]
 [0 1 0 1]
 [0 0 1 1]]
M_d:
[[0 0 0]
 [0 0 1]
 [0 1 1]]

M_u:
[[0 0 0 1]
 [0 0 1 0]
 [0 0 1 1]
 [0 1 0 1]]
M_d:
[[0 0 1]
 [0 0 1]
 [0 1 0]]

M_u:
[[0 0 0 1]
 [0 0 1 0]
 [0 1 0 1]
 [0 0 1 1]]
M_d:
[[0 1 1]
 [0 0 0]
 [0 0 1]]

M_u:
[[0 0 0 1]
 [0 0 1 1]
 [0 1 0 1]
 [0 0 1 0]]
M_d:
[[0 0 1]
 [0 1 0]
 [0 1 0]]

M_u:
[[0 0 0 1]
 [0 0 0 1]
 [0 1 1 1]
 [0 0 1 0]]
M_d:
[[0 0 0]
 [0 0 1]
 [0 1 1]]

M_u:
[[0 0 0 1]
 [0 0 0 1]
 [0 1 1 0]
 [0 0 1 1]]
M_d:
[[0 0 0]
 [0 1 1]
 [0 0 1]]

M_u:
[[0 0 0 1]
 [0 0 1 0]
 [0 0 1 1]
 [0 1 0 1]]
M_d:
[[0 0 0]
 [0 1 1]
 [0 0 1]]

M_u:
[[0 0 0 1]
 [0 0 1 0]
 [0 0 1 1]
 [0 1 0 1]]
M_d:
[[0 0 1]
 [0 1 0]
 [0 0 1]]

M_u:
[[0 0 0 1]
 [0 0 1 0]
 [0 1 0 1]
 [0 0 1 1]]
M_d:
[[0 0 0]
 [0 1 1]
 [0 0 1]]

M_u:
[[0 0 0 1]
 [0 0 1 0]
 [0 1 0 0]
 [0 1 1 1]]
M_d:
[[0 0 0]
 [0 0 1]
 [0 1 1]]

M_u:
[[0 0 0 1]
 [0 0 1 0]
 [0 1 1 1]
 [0 1 0 0]]
M_d:
[[0 0 1]
 [0 1 1]
 [0 0 0]]

M_u:
[[0 0 0 1]
 [0 0 1 0]
 [0 0 1 1]
 [0 1 0 1]]
M_d:
[[0 0 1]
 [0 0 0]
 [0 1 1]]

M_u:
[[0 0 0 1]
 [0 0 0 1]
 [0 0 1 1]
 [0 1 0 1]]
M_d:
[[0 0 0]
 [0 0 1]
 [0 1 1]]

M_u:
[[0 0 0 1]
 [0 0 1 0]
 [0 1 0 1]
 [0 1 1 0]]
M_d:
[[0 0 1]
 [0 0 1]
 [0 1 0]]

M_u:
[[0 0 0 1]
 [0 0 1 1]
 [0 1 0 1]
 [0 0 1 0]]
M_d:
[[0 0 1]
 [0 0 0]
 [0 1 1]]

M_u:
[[0 0 0 1]
 [0 0 1 0]
 [0 1 0 1]
 [0 1 1 0]]
M_d:
[[0 1 1]
 [0 0 1]
 [0 0 0]]

M_u:
[[0 0 0 1]
 [0 0 0 1]
 [0 1 1 1]
 [0 0 1 0]]
M_d:
[[0 0 0]
 [0 1 1]
 [0 0 1]]

M_u:
[[0 0 0 1]
 [0 0 1 0]
 [0 1 0 1]
 [0 0 1 1]]
M_d:
[[0 0 1]
 [0 1 0]
 [0 0 1]]

M_u:
[[0 0 0 1]
 [0 0 1 0]
 [0 0 1 1]
 [0 1 0 1]]
M_d:
[[0 0 1]
 [0 1 0]
 [0 1 0]]

M_u:
[[0 0 0 1]
 [0 0 0 1]
 [0 0 1 0]
 [0 1 1 1]]
M_d:
[[0 0 1]
 [0 1 0]
 [0 0 1]]

M_u:
[[0 0 0 1]
 [0 0 0 1]
 [0 0 1 1]
 [0 1 0 1]]
M_d:
[[0 0 1]
 [0 1 0]
 [0 0 1]]

M_u:
[[0 0 0 1]
 [0 0 1 0]
 [0 1 1 1]
 [0 1 0 0]]
M_d:
[[0 0 0]
 [0 1 1]
 [0 0 1]]

THERE ARE 53 PAIRS WITH (10,6) TEXTURE ZEROS

PAIRS WITH (9,7) TEXTURE ZEROS FOR (M_u, M_d):

M_u:
[[0 0 0 1]
 [0 0 1 1]
 [0 1 1 1]
 [0 1 0 0]]
M_d:
[[0 0 1]
 [0 0 0]
 [0 1 0]]

M_u:
[[0 0 1 1]
 [0 0 1 1]
 [0 1 0 1]
 [0 1 0 0]]
M_d:
[[0 0 1]
 [0 1 0]
 [0 0 0]]

M_u:
[[0 0 0 1]
 [0 0 1 0]
 [0 1 0 1]
 [0 1 1 1]]
M_d:
[[0 0 1]
 [0 1 0]
 [0 0 0]]

M_u:
[[0 0 1 1]
 [0 0 1 1]
 [0 1 0 1]
 [0 1 0 0]]
M_d:
[[0 0 0]
 [0 0 1]
 [0 1 0]]

M_u:
[[0 0 0 1]
 [0 0 1 1]
 [0 0 1 1]
 [0 1 1 0]]
M_d:
[[0 0 0]
 [0 0 1]
 [0 1 0]]

M_u:
[[0 0 0 1]
 [0 0 1 1]
 [0 1 1 1]
 [0 1 0 0]]
M_d:
[[0 0 1]
 [0 1 0]
 [0 0 0]]

M_u:
[[0 0 0 1]
 [0 0 1 1]
 [0 0 1 1]
 [0 1 0 1]]
M_d:
[[0 0 1]
 [0 0 0]
 [0 1 0]]

M_u:
[[0 0 0 1]
 [0 0 1 1]
 [0 1 0 1]
 [0 1 1 0]]
M_d:
[[0 0 1]
 [0 0 0]
 [0 1 0]]

M_u:
[[0 0 0 1]
 [0 0 1 1]
 [0 1 1 0]
 [0 1 0 1]]
M_d:
[[0 0 1]
 [0 1 0]
 [0 0 0]]

M_u:
[[0 0 0 1]
 [0 0 1 0]
 [0 0 1 1]
 [0 1 1 1]]
M_d:
[[0 0 1]
 [0 1 0]
 [0 0 0]]

M_u:
[[0 0 0 1]
 [0 0 1 1]
 [0 0 1 1]
 [0 1 1 0]]
M_d:
[[0 0 1]
 [0 0 0]
 [0 1 0]]

M_u:
[[0 0 0 1]
 [0 0 1 1]
 [0 1 0 1]
 [0 1 1 0]]
M_d:
[[0 0 0]
 [0 0 1]
 [0 1 0]]

THERE ARE 12 PAIRS WITH (9,7) TEXTURE ZEROS


THERE ARE IN TOTAL 123 MAXIMALLY RESTRICTIVE PAIRS OF TEXTURE ZEROS (AFTER MINUIT). 
