LIST OF MAXIMALLY RESTRICTIVE PAIRS OF TEXTURE ZEROS REALIZABLE WITH 2HDM + ABELIAN SYMMETRY (AFTER MINUIT):

LABELS FOR THE 4TH ROW:

1 -> BARE MASS TERM
2 -> COUPLINGS TO SINGLET SCALAR S
3 -> COUPLINGS TO CONJUNGATE SINGLET SCALAR S*

CASE 1:
M_u:
[[0 0 0 1]
 [0 0 1 0]
 [0 1 0 1]
 [1 1 0 0]]
M_d:
[[0 1 1]
 [0 0 1]
 [1 1 0]]

POSSIBLE DECOMPOSITIONS:

Y_u_1:
[[0. 0. 0. 1.]
 [0. 0. 0. 0.]
 [0. 1. 0. 0.]]

Y_u_2:
[[0. 0. 0. 0.]
 [0. 0. 1. 0.]
 [0. 0. 0. 1.]]

fourth_row_u:
[[1. 2. 0. 0.]]

Y_d_1:
[[0. 0. 1.]
 [0. 0. 0.]
 [0. 1. 0.]]

Y_d_2:
[[0. 1. 0.]
 [0. 0. 1.]
 [1. 0. 0.]]

Charges:
[ 1.    3.62  4.62  1.   -1.    3.62 -1.    2.    0.   -2.   -1.   -0.  ]

[ 1.    -1.486 -0.486  1.    -1.    -1.486 -1.     2.    -0.    -2.    -1.    -0.   ]

##############################################################################################################

CASE 2:
M_u:
[[0 0 0 1]
 [0 0 1 0]
 [0 1 0 1]
 [1 0 0 1]]
M_d:
[[0 1 1]
 [0 0 1]
 [1 1 0]]

POSSIBLE DECOMPOSITIONS:

Y_u_1:
[[0. 0. 0. 1.]
 [0. 0. 0. 0.]
 [0. 1. 0. 0.]]

Y_u_2:
[[0. 0. 0. 0.]
 [0. 0. 1. 0.]
 [0. 0. 0. 1.]]

fourth_row_u:
[[1. 0. 0. 2.]]

Y_d_1:
[[0. 0. 1.]
 [0. 0. 0.]
 [0. 1. 0.]]

Y_d_2:
[[0. 1. 0.]
 [0. 0. 1.]
 [1. 0. 0.]]

Charges:
[ 1.     0.117  0.117  1.    -1.     0.117 -1.     2.    -0.    -2.    -1.    -0.   ]

[  1.    -37.078 -37.078   1.     -1.    -37.078  -1.      2.     -0.     -2.     -1.     -0.   ]

##############################################################################################################

CASE 3:
M_u:
[[0 0 0 1]
 [0 0 1 0]
 [0 1 0 1]
 [1 0 0 1]]
M_d:
[[0 1 1]
 [1 0 1]
 [0 1 0]]

POSSIBLE DECOMPOSITIONS:

Y_u_1:
[[0. 0. 0. 1.]
 [0. 0. 0. 0.]
 [0. 1. 0. 0.]]

Y_u_2:
[[0. 0. 0. 0.]
 [0. 0. 1. 0.]
 [0. 0. 0. 1.]]

fourth_row_u:
[[1. 0. 0. 2.]]

Y_d_1:
[[0. 0. 1.]
 [1. 0. 0.]
 [0. 1. 0.]]

Y_d_2:
[[0. 1. 0.]
 [0. 0. 1.]
 [0. 0. 0.]]

Charges:
[ 1.    0.58  0.58  1.   -1.    0.58 -1.    2.   -0.    1.   -1.    0.  ]

[ 1.    -5.751 -5.751  1.    -1.    -5.751 -1.     2.     0.     1.    -1.    -0.   ]

##############################################################################################################

CASE 4:
M_u:
[[0 0 0 1]
 [0 0 1 0]
 [0 1 0 1]
 [1 0 1 0]]
M_d:
[[0 1 1]
 [1 0 1]
 [0 1 0]]

POSSIBLE DECOMPOSITIONS:

Y_u_1:
[[0. 0. 0. 1.]
 [0. 0. 0. 0.]
 [0. 1. 0. 0.]]

Y_u_2:
[[0. 0. 0. 0.]
 [0. 0. 1. 0.]
 [0. 0. 0. 1.]]

fourth_row_u:
[[1. 0. 2. 0.]]

Y_d_1:
[[0. 0. 1.]
 [1. 0. 0.]
 [0. 1. 0.]]

Y_d_2:
[[0. 1. 0.]
 [0. 0. 1.]
 [0. 0. 0.]]

Charges:
[ 1.     2.754  0.754  1.    -1.     2.754 -1.     2.     0.     1.    -1.     0.   ]

[ 1.    -1.356 -3.356  1.    -1.    -1.356 -1.     2.    -0.     1.    -1.    -0.   ]

##############################################################################################################

CASE 5:
M_u:
[[0 0 0 1]
 [0 0 1 0]
 [0 1 0 1]
 [1 1 0 0]]
M_d:
[[0 1 1]
 [1 0 1]
 [0 1 0]]

POSSIBLE DECOMPOSITIONS:

Y_u_1:
[[0. 0. 0. 1.]
 [0. 0. 0. 0.]
 [0. 1. 0. 0.]]

Y_u_2:
[[0. 0. 0. 0.]
 [0. 0. 1. 0.]
 [0. 0. 0. 1.]]

fourth_row_u:
[[1. 2. 0. 0.]]

Y_d_1:
[[0. 0. 1.]
 [1. 0. 0.]
 [0. 1. 0.]]

Y_d_2:
[[0. 1. 0.]
 [0. 0. 1.]
 [0. 0. 0.]]

Charges:
[ 1.    -1.607 -0.607  1.    -1.    -1.607 -1.     2.    -0.     1.    -1.     0.   ]

[ 1.     2.457  3.457  1.    -1.     2.457 -1.     2.    -0.     1.    -1.    -0.   ]

##############################################################################################################

CASE 6:
M_u:
[[0 0 0 1]
 [0 0 1 0]
 [0 1 0 1]
 [1 0 1 0]]
M_d:
[[0 1 1]
 [0 0 1]
 [1 1 0]]

POSSIBLE DECOMPOSITIONS:

Y_u_1:
[[0. 0. 0. 1.]
 [0. 0. 0. 0.]
 [0. 1. 0. 0.]]

Y_u_2:
[[0. 0. 0. 0.]
 [0. 0. 1. 0.]
 [0. 0. 0. 1.]]

fourth_row_u:
[[1. 0. 2. 0.]]

Y_d_1:
[[0. 0. 1.]
 [0. 0. 0.]
 [0. 1. 0.]]

Y_d_2:
[[0. 1. 0.]
 [0. 0. 1.]
 [1. 0. 0.]]

Charges:
[ 1.     1.415 -0.585  1.    -1.     1.415 -1.     2.    -0.    -2.    -1.    -0.   ]

[ 1.    -6.313 -8.313  1.    -1.    -6.313 -1.     2.    -0.    -2.    -1.    -0.   ]

##############################################################################################################

CASE 7:
M_u:
[[0 0 0 1]
 [0 0 1 0]
 [0 1 0 1]
 [1 1 1 0]]
M_d:
[[0 0 1]
 [0 1 0]
 [1 0 1]]

POSSIBLE DECOMPOSITIONS:

Y_u_1:
[[0. 0. 0. 0.]
 [0. 0. 0. 0.]
 [0. 0. 0. 1.]]

Y_u_2:
[[0. 0. 0. 1.]
 [0. 0. 1. 0.]
 [0. 1. 0. 0.]]

fourth_row_u:
[[1. 2. 3. 0.]]

Y_d_1:
[[0. 0. 1.]
 [0. 0. 0.]
 [1. 0. 0.]]

Y_d_2:
[[0. 0. 0.]
 [0. 1. 0.]
 [0. 0. 1.]]

Charges:
[  1.    -10.496 -12.496 -23.991   1.    -10.496   2.    -22.991   1.      1.    -24.991  -0.   ]

[ 1.     1.414 -0.586 -0.172  1.     1.414  2.     0.828  1.     1.    -1.172 -0.   ]

##############################################################################################################

Y_u_1:
[[0. 0. 0. 0.]
 [0. 0. 0. 0.]
 [0. 0. 0. 1.]]

Y_u_2:
[[0. 0. 0. 1.]
 [0. 0. 1. 0.]
 [0. 1. 0. 0.]]

fourth_row_u:
[[1. 2. 3. 0.]]

Y_d_1:
[[0. 0. 1.]
 [0. 1. 0.]
 [1. 0. 0.]]

Y_d_2:
[[0. 0. 0.]
 [0. 0. 0.]
 [0. 0. 1.]]

Charges:
[1.    2.774 0.774 2.549 1.    2.774 2.    3.549 1.    1.    2.549 0.   ]

[ 1.     0.675 -1.325 -1.65   1.     0.675  2.    -0.65   1.     1.    -1.65  -0.   ]

##############################################################################################################

Y_u_1:
[[0. 0. 0. 1.]
 [0. 0. 0. 0.]
 [0. 1. 0. 0.]]

Y_u_2:
[[0. 0. 0. 0.]
 [0. 0. 1. 0.]
 [0. 0. 0. 1.]]

fourth_row_u:
[[1. 2. 3. 0.]]

Y_d_1:
[[0. 0. 0.]
 [0. 0. 0.]
 [0. 0. 1.]]

Y_d_2:
[[0. 0. 1.]
 [0. 1. 0.]
 [1. 0. 0.]]

Charges:
[ 1.    -2.228 -1.228 -4.457 -1.    -2.228 -1.    -3.457 -0.    -2.    -5.457 -1.   ]

[ 1.     0.27   1.27   0.541 -1.     0.27  -1.     1.541 -0.    -2.    -0.459 -1.   ]

##############################################################################################################

Y_u_1:
[[0. 0. 0. 1.]
 [0. 0. 0. 0.]
 [0. 1. 0. 0.]]

Y_u_2:
[[0. 0. 0. 0.]
 [0. 0. 1. 0.]
 [0. 0. 0. 1.]]

fourth_row_u:
[[1. 2. 3. 0.]]

Y_d_1:
[[0. 0. 0.]
 [0. 1. 0.]
 [0. 0. 1.]]

Y_d_2:
[[0. 0. 1.]
 [0. 0. 0.]
 [1. 0. 0.]]

Charges:
[ 1.    -1.383 -0.383 -2.765 -1.    -1.383 -1.    -1.765 -0.    -2.    -2.765 -1.   ]

[ 1.    0.33  1.33  0.66 -1.    0.33 -1.    1.66 -0.   -2.    0.66 -1.  ]

##############################################################################################################

CASE 8:
M_u:
[[0 0 0 1]
 [0 0 1 1]
 [0 1 1 0]
 [1 1 0 0]]
M_d:
[[0 1 1]
 [0 0 1]
 [1 0 0]]

POSSIBLE DECOMPOSITIONS:

Y_u_1:
[[0. 0. 0. 0.]
 [0. 0. 0. 1.]
 [0. 0. 1. 0.]]

Y_u_2:
[[0. 0. 0. 1.]
 [0. 0. 1. 0.]
 [0. 1. 0. 0.]]

fourth_row_u:
[[1. 2. 0. 0.]]

Y_d_1:
[[0. 0. 1.]
 [0. 0. 0.]
 [1. 0. 0.]]

Y_d_2:
[[0. 1. 0.]
 [0. 0. 1.]
 [0. 0. 0.]]

Charges:
[ 1.     7.019  4.019  1.     2.     7.019  3.     2.     1.     2.    -1.    -0.   ]

[ 1.    -0.717 -3.717  1.     2.    -0.717  3.     2.     1.     2.    -1.     0.   ]

##############################################################################################################

CASE 9:
M_u:
[[0 0 0 1]
 [0 0 1 1]
 [1 1 0 0]
 [0 1 0 1]]
M_d:
[[0 0 1]
 [0 1 1]
 [1 0 0]]

POSSIBLE DECOMPOSITIONS:

Y_u_1:
[[0. 0. 0. 0.]
 [0. 0. 0. 1.]
 [1. 0. 0. 0.]]

Y_u_2:
[[0. 0. 0. 1.]
 [0. 0. 1. 0.]
 [0. 1. 0. 0.]]

fourth_row_u:
[[0. 1. 0. 2.]]

Y_d_1:
[[0. 0. 1.]
 [0. 1. 0.]
 [0. 0. 0.]]

Y_d_2:
[[0. 0. 0.]
 [0. 0. 1.]
 [1. 0. 0.]]

Charges:
[  1.   -76.97 -77.97   1.   -77.97 -77.97 -76.97   2.     1.   -78.97   1.    -0.  ]

[ 1.     0.857 -0.143  1.    -0.143 -0.143  0.857  2.     1.    -1.143  1.     0.   ]

##############################################################################################################

Y_u_1:
[[0. 0. 0. 0.]
 [0. 0. 0. 1.]
 [1. 0. 0. 0.]]

Y_u_2:
[[0. 0. 0. 1.]
 [0. 0. 1. 0.]
 [0. 1. 0. 0.]]

fourth_row_u:
[[0. 1. 0. 2.]]

Y_d_1:
[[0. 0. 1.]
 [0. 1. 0.]
 [1. 0. 0.]]

Y_d_2:
[[0. 0. 0.]
 [0. 0. 1.]
 [0. 0. 0.]]

Charges:
[ 1.     2.081  1.081  1.     1.081  1.081  2.081  2.     1.     1.081  1.    -0.   ]

[ 1.    -0.433 -1.433  1.    -1.433 -1.433 -0.433  2.     1.    -1.433  1.     0.   ]

##############################################################################################################

Y_u_1:
[[0. 0. 0. 0.]
 [0. 0. 0. 1.]
 [0. 1. 0. 0.]]

Y_u_2:
[[0. 0. 0. 1.]
 [0. 0. 1. 0.]
 [1. 0. 0. 0.]]

fourth_row_u:
[[0. 1. 0. 2.]]

Y_d_1:
[[0. 0. 1.]
 [0. 1. 0.]
 [0. 0. 0.]]

Y_d_2:
[[0. 0. 0.]
 [0. 0. 1.]
 [1. 0. 0.]]

Charges:
[  1.    -23.144 -24.144   1.    -23.144 -22.144 -23.144   2.      1.    -24.144   1.     -0.   ]

[ 1.     0.244 -0.756  1.     0.244  1.244  0.244  2.     1.    -0.756  1.    -0.   ]

##############################################################################################################

Y_u_1:
[[0. 0. 0. 0.]
 [0. 0. 0. 1.]
 [0. 1. 0. 0.]]

Y_u_2:
[[0. 0. 0. 1.]
 [0. 0. 1. 0.]
 [1. 0. 0. 0.]]

fourth_row_u:
[[0. 1. 0. 2.]]

Y_d_1:
[[0. 0. 1.]
 [0. 1. 0.]
 [1. 0. 0.]]

Y_d_2:
[[0. 0. 0.]
 [0. 0. 1.]
 [0. 0. 0.]]

Charges:
[ 1.    -0.165 -1.165  1.    -0.165  0.835 -0.165  2.     1.    -0.165  1.     0.   ]

[ 1.    10.088  9.088  1.    10.088 11.088 10.088  2.     1.    10.088  1.    -0.   ]

##############################################################################################################

CASE 10:
M_u:
[[0 0 0 1]
 [0 0 1 1]
 [1 1 0 0]
 [0 1 1 0]]
M_d:
[[0 0 1]
 [0 1 1]
 [1 0 0]]

POSSIBLE DECOMPOSITIONS:

Y_u_1:
[[0. 0. 0. 0.]
 [0. 0. 0. 1.]
 [1. 0. 0. 0.]]

Y_u_2:
[[0. 0. 0. 1.]
 [0. 0. 1. 0.]
 [0. 1. 0. 0.]]

fourth_row_u:
[[0. 1. 2. 0.]]

Y_d_1:
[[0. 0. 1.]
 [0. 1. 0.]
 [0. 0. 0.]]

Y_d_2:
[[0. 0. 0.]
 [0. 0. 1.]
 [1. 0. 0.]]

Charges:
[ 1.    -5.112 -7.112  1.    -6.112 -6.112 -5.112  2.     1.    -7.112  1.    -0.   ]

[ 1.     1.327 -0.673  1.     0.327  0.327  1.327  2.     1.    -0.673  1.    -0.   ]

##############################################################################################################

Y_u_1:
[[0. 0. 0. 0.]
 [0. 0. 0. 1.]
 [1. 0. 0. 0.]]

Y_u_2:
[[0. 0. 0. 1.]
 [0. 0. 1. 0.]
 [0. 1. 0. 0.]]

fourth_row_u:
[[0. 1. 2. 0.]]

Y_d_1:
[[0. 0. 1.]
 [0. 1. 0.]
 [1. 0. 0.]]

Y_d_2:
[[0. 0. 0.]
 [0. 0. 1.]
 [0. 0. 0.]]

Charges:
[ 1.     0.611 -1.389  1.    -0.389 -0.389  0.611  2.     1.    -0.389  1.    -0.   ]

[ 1.     8.951  6.951  1.     7.951  7.951  8.951  2.     1.     7.951  1.    -0.   ]

##############################################################################################################

Y_u_1:
[[0. 0. 0. 0.]
 [0. 0. 0. 1.]
 [0. 1. 0. 0.]]

Y_u_2:
[[0. 0. 0. 1.]
 [0. 0. 1. 0.]
 [1. 0. 0. 0.]]

fourth_row_u:
[[0. 1. 2. 0.]]

Y_d_1:
[[0. 0. 1.]
 [0. 1. 0.]
 [0. 0. 0.]]

Y_d_2:
[[0. 0. 0.]
 [0. 0. 1.]
 [1. 0. 0.]]

Charges:
[ 1.    10.774  8.774  1.    10.774 11.774 10.774  2.     1.     9.774  1.     0.   ]

[ 1.    0.12 -1.88  1.    0.12  1.12  0.12  2.    1.   -0.88  1.   -0.  ]

##############################################################################################################

Y_u_1:
[[0. 0. 0. 0.]
 [0. 0. 0. 1.]
 [0. 1. 0. 0.]]

Y_u_2:
[[0. 0. 0. 1.]
 [0. 0. 1. 0.]
 [1. 0. 0. 0.]]

fourth_row_u:
[[0. 1. 2. 0.]]

Y_d_1:
[[0. 0. 1.]
 [0. 1. 0.]
 [1. 0. 0.]]

Y_d_2:
[[0. 0. 0.]
 [0. 0. 1.]
 [0. 0. 0.]]

Charges:
[ 1.     1.315 -0.685  1.     1.315  2.315  1.315  2.     1.     1.315  1.     0.   ]

[ 1.    -1.696 -3.696  1.    -1.696 -0.696 -1.696  2.     1.    -1.696  1.    -0.   ]

##############################################################################################################

CASE 11:
M_u:
[[0 0 0 1]
 [0 0 1 0]
 [1 1 0 0]
 [0 1 1 1]]
M_d:
[[0 0 1]
 [0 1 1]
 [1 0 0]]

POSSIBLE DECOMPOSITIONS:

Y_u_1:
[[0. 0. 0. 1.]
 [0. 0. 0. 0.]
 [1. 0. 0. 0.]]

Y_u_2:
[[0. 0. 0. 0.]
 [0. 0. 1. 0.]
 [0. 1. 0. 0.]]

fourth_row_u:
[[0. 2. 1. 3.]]

Y_d_1:
[[0. 0. 1.]
 [0. 1. 0.]
 [0. 0. 0.]]

Y_d_2:
[[0. 0. 0.]
 [0. 0. 1.]
 [1. 0. 0.]]

Charges:
[ 1.  2. -2.  1.  3.  3.  4.  2.  0.  2.  1.  0.]

##############################################################################################################

Y_u_1:
[[0. 0. 0. 1.]
 [0. 0. 0. 0.]
 [1. 0. 0. 0.]]

Y_u_2:
[[0. 0. 0. 0.]
 [0. 0. 1. 0.]
 [0. 1. 0. 0.]]

fourth_row_u:
[[0. 2. 1. 3.]]

Y_d_1:
[[0. 0. 1.]
 [0. 1. 0.]
 [1. 0. 0.]]

Y_d_2:
[[0. 0. 0.]
 [0. 0. 1.]
 [0. 0. 0.]]

Charges:
[ 1.  2. -2.  1.  3.  3.  4.  2.  0.  3.  1.  0.]

##############################################################################################################

Y_u_1:
[[0. 0. 0. 1.]
 [0. 0. 0. 0.]
 [1. 0. 0. 0.]]

Y_u_2:
[[0. 0. 0. 0.]
 [0. 0. 1. 0.]
 [0. 1. 0. 0.]]

fourth_row_u:
[[0. 2. 3. 1.]]

Y_d_1:
[[0. 0. 1.]
 [0. 1. 0.]
 [0. 0. 0.]]

Y_d_2:
[[0. 0. 0.]
 [0. 0. 1.]
 [1. 0. 0.]]

Charges:
[ 1. -0.  2.  1. -3. -3. -2.  2. -0. -4.  1.  0.]

##############################################################################################################

Y_u_1:
[[0. 0. 0. 1.]
 [0. 0. 0. 0.]
 [1. 0. 0. 0.]]

Y_u_2:
[[0. 0. 0. 0.]
 [0. 0. 1. 0.]
 [0. 1. 0. 0.]]

fourth_row_u:
[[0. 2. 3. 1.]]

Y_d_1:
[[0. 0. 1.]
 [0. 1. 0.]
 [1. 0. 0.]]

Y_d_2:
[[0. 0. 0.]
 [0. 0. 1.]
 [0. 0. 0.]]

Charges:
[ 1. -0.  2.  1. -3. -3. -2.  2. -0. -3.  1. -0.]

##############################################################################################################

Y_u_1:
[[0. 0. 0. 1.]
 [0. 0. 0. 0.]
 [0. 1. 0. 0.]]

Y_u_2:
[[0. 0. 0. 0.]
 [0. 0. 1. 0.]
 [1. 0. 0. 0.]]

fourth_row_u:
[[0. 2. 1. 3.]]

Y_d_1:
[[0. 0. 1.]
 [0. 1. 0.]
 [0. 0. 0.]]

Y_d_2:
[[0. 0. 0.]
 [0. 0. 1.]
 [1. 0. 0.]]

Charges:
[ 1.  2. -2.  1.  4.  5.  4.  2.  0.  3.  1.  0.]

##############################################################################################################

Y_u_1:
[[0. 0. 0. 1.]
 [0. 0. 0. 0.]
 [0. 1. 0. 0.]]

Y_u_2:
[[0. 0. 0. 0.]
 [0. 0. 1. 0.]
 [1. 0. 0. 0.]]

fourth_row_u:
[[0. 2. 1. 3.]]

Y_d_1:
[[0. 0. 1.]
 [0. 1. 0.]
 [1. 0. 0.]]

Y_d_2:
[[0. 0. 0.]
 [0. 0. 1.]
 [0. 0. 0.]]

Charges:
[ 1.  2. -2.  1.  4.  5.  4.  2.  0.  4.  1.  0.]

##############################################################################################################

Y_u_1:
[[0. 0. 0. 1.]
 [0. 0. 0. 0.]
 [0. 1. 0. 0.]]

Y_u_2:
[[0. 0. 0. 0.]
 [0. 0. 1. 0.]
 [1. 0. 0. 0.]]

fourth_row_u:
[[0. 2. 3. 1.]]

Y_d_1:
[[0. 0. 1.]
 [0. 1. 0.]
 [0. 0. 0.]]

Y_d_2:
[[0. 0. 0.]
 [0. 0. 1.]
 [1. 0. 0.]]

Charges:
[ 1.  0.  2.  1. -2. -1. -2.  2.  0. -3.  1. -0.]

##############################################################################################################

Y_u_1:
[[0. 0. 0. 1.]
 [0. 0. 0. 0.]
 [0. 1. 0. 0.]]

Y_u_2:
[[0. 0. 0. 0.]
 [0. 0. 1. 0.]
 [1. 0. 0. 0.]]

fourth_row_u:
[[0. 2. 3. 1.]]

Y_d_1:
[[0. 0. 1.]
 [0. 1. 0.]
 [1. 0. 0.]]

Y_d_2:
[[0. 0. 0.]
 [0. 0. 1.]
 [0. 0. 0.]]

Charges:
[ 1.  0.  2.  1. -2. -1. -2.  2.  0. -2.  1.  0.]

##############################################################################################################

CASE 12:
M_u:
[[0 0 0 1]
 [0 1 1 0]
 [1 0 1 0]
 [0 0 1 1]]
M_d:
[[0 0 1]
 [0 1 0]
 [1 1 0]]

POSSIBLE DECOMPOSITIONS:

Y_u_1:
[[0. 0. 0. 0.]
 [0. 1. 0. 0.]
 [0. 0. 1. 0.]]

Y_u_2:
[[0. 0. 0. 1.]
 [0. 0. 1. 0.]
 [1. 0. 0. 0.]]

fourth_row_u:
[[0. 0. 1. 2.]]

Y_d_1:
[[0. 0. 0.]
 [0. 1. 0.]
 [1. 0. 0.]]

Y_d_2:
[[0. 0. 1.]
 [0. 0. 0.]
 [0. 1. 0.]]

Charges:
[  1.    -31.161 -32.161 -32.161 -31.161 -30.161 -32.161 -31.161   1.    -31.161 -32.161  -1.   ]

[ 1.     0.358 -0.642 -0.642  0.358  1.358 -0.642  0.358  1.     0.358 -0.642 -1.   ]

##############################################################################################################

Y_u_1:
[[0. 0. 0. 0.]
 [0. 1. 0. 0.]
 [0. 0. 1. 0.]]

Y_u_2:
[[0. 0. 0. 1.]
 [0. 0. 1. 0.]
 [1. 0. 0. 0.]]

fourth_row_u:
[[0. 0. 1. 2.]]

Y_d_1:
[[0. 0. 1.]
 [0. 1. 0.]
 [1. 0. 0.]]

Y_d_2:
[[0. 0. 0.]
 [0. 0. 0.]
 [0. 1. 0.]]

Charges:
[1.    2.844 1.844 1.844 2.844 3.844 1.844 2.844 1.    2.844 1.844 0.   ]

[ 1.     0.068 -0.932 -0.932  0.068  1.068 -0.932  0.068  1.     0.068 -0.932 -0.   ]

##############################################################################################################

Y_u_1:
[[0. 0. 0. 0.]
 [0. 0. 1. 0.]
 [1. 0. 0. 0.]]

Y_u_2:
[[0. 0. 0. 1.]
 [0. 1. 0. 0.]
 [0. 0. 1. 0.]]

fourth_row_u:
[[0. 0. 1. 2.]]

Y_d_1:
[[0. 0. 0.]
 [0. 0. 0.]
 [0. 1. 0.]]

Y_d_2:
[[0. 0. 1.]
 [0. 1. 0.]
 [1. 0. 0.]]

Charges:
[ 1.     1.506  0.506  1.506  0.506  0.506  2.506  1.506  1.    -0.494  0.506 -1.   ]

[ 1.    -0.523 -1.523 -0.523 -1.523 -1.523  0.477 -0.523  1.    -2.523 -1.523 -1.   ]

##############################################################################################################

Y_u_1:
[[0. 0. 0. 0.]
 [0. 0. 1. 0.]
 [1. 0. 0. 0.]]

Y_u_2:
[[0. 0. 0. 1.]
 [0. 1. 0. 0.]
 [0. 0. 1. 0.]]

fourth_row_u:
[[0. 0. 1. 2.]]

Y_d_1:
[[0. 0. 1.]
 [0. 0. 0.]
 [0. 1. 0.]]

Y_d_2:
[[0. 0. 0.]
 [0. 1. 0.]
 [1. 0. 0.]]

Charges:
[ 1.     0.887 -0.113  0.887 -0.113 -0.113  1.887  0.887  1.    -1.113 -0.113  0.   ]

[ 1.    -2.204 -3.204 -2.204 -3.204 -3.204 -1.204 -2.204  1.    -4.204 -3.204  0.   ]

##############################################################################################################

CASE 13:
M_u:
[[0 0 0 1]
 [0 0 1 1]
 [1 1 0 0]
 [0 1 1 0]]
M_d:
[[0 1 1]
 [0 0 1]
 [1 0 0]]

POSSIBLE DECOMPOSITIONS:

Y_u_1:
[[0. 0. 0. 0.]
 [0. 0. 0. 1.]
 [1. 0. 0. 0.]]

Y_u_2:
[[0. 0. 0. 1.]
 [0. 0. 1. 0.]
 [0. 1. 0. 0.]]

fourth_row_u:
[[0. 1. 2. 0.]]

Y_d_1:
[[0. 0. 1.]
 [0. 0. 0.]
 [0. 0. 0.]]

Y_d_2:
[[0. 1. 0.]
 [0. 0. 1.]
 [1. 0. 0.]]

Charges:
[  1.    213.328 211.328   1.    212.328 212.328 213.328   2.      1.    211.328  -1.      0.   ]

[ 1.     0.991 -1.009  1.    -0.009 -0.009  0.991  2.     1.    -1.009 -1.    -0.   ]

##############################################################################################################

Y_u_1:
[[0. 0. 0. 0.]
 [0. 0. 0. 1.]
 [1. 0. 0. 0.]]

Y_u_2:
[[0. 0. 0. 1.]
 [0. 0. 1. 0.]
 [0. 1. 0. 0.]]

fourth_row_u:
[[0. 1. 2. 0.]]

Y_d_1:
[[0. 0. 1.]
 [0. 0. 0.]
 [1. 0. 0.]]

Y_d_2:
[[0. 1. 0.]
 [0. 0. 1.]
 [0. 0. 0.]]

Charges:
[ 1.     0.431 -1.569  1.    -0.569 -0.569  0.431  2.     1.    -0.569 -1.     0.   ]

[ 1.     5.318  3.318  1.     4.318  4.318  5.318  2.     1.     4.318 -1.     0.   ]

##############################################################################################################

Y_u_1:
[[0. 0. 0. 0.]
 [0. 0. 0. 1.]
 [0. 1. 0. 0.]]

Y_u_2:
[[0. 0. 0. 1.]
 [0. 0. 1. 0.]
 [1. 0. 0. 0.]]

fourth_row_u:
[[0. 1. 2. 0.]]

Y_d_1:
[[0. 0. 1.]
 [0. 0. 0.]
 [0. 0. 0.]]

Y_d_2:
[[0. 1. 0.]
 [0. 0. 1.]
 [1. 0. 0.]]

Charges:
[ 1.     1.126 -0.874  1.     1.126  2.126  1.126  2.     1.     0.126 -1.     0.   ]

[ 1.    -2.469 -4.469  1.    -2.469 -1.469 -2.469  2.     1.    -3.469 -1.    -0.   ]

##############################################################################################################

Y_u_1:
[[0. 0. 0. 0.]
 [0. 0. 0. 1.]
 [0. 1. 0. 0.]]

Y_u_2:
[[0. 0. 0. 1.]
 [0. 0. 1. 0.]
 [1. 0. 0. 0.]]

fourth_row_u:
[[0. 1. 2. 0.]]

Y_d_1:
[[0. 0. 1.]
 [0. 0. 0.]
 [1. 0. 0.]]

Y_d_2:
[[0. 1. 0.]
 [0. 0. 1.]
 [0. 0. 0.]]

Charges:
[ 1.    3.95  1.95  1.    3.95  4.95  3.95  2.    1.    3.95 -1.    0.  ]

[ 1.    -0.399 -2.399  1.    -0.399  0.601 -0.399  2.     1.    -0.399 -1.     0.   ]

##############################################################################################################

CASE 14:
M_u:
[[0 0 0 1]
 [0 1 1 0]
 [1 0 1 0]
 [0 1 0 1]]
M_d:
[[0 0 1]
 [0 1 0]
 [1 1 0]]

POSSIBLE DECOMPOSITIONS:

Y_u_1:
[[0. 0. 0. 0.]
 [0. 1. 0. 0.]
 [0. 0. 1. 0.]]

Y_u_2:
[[0. 0. 0. 1.]
 [0. 0. 1. 0.]
 [1. 0. 0. 0.]]

fourth_row_u:
[[0. 1. 0. 2.]]

Y_d_1:
[[0. 0. 0.]
 [0. 1. 0.]
 [1. 0. 0.]]

Y_d_2:
[[0. 0. 1.]
 [0. 0. 0.]
 [0. 1. 0.]]

Charges:
[ 1.     0.086 -0.914  0.086  1.086  2.086  0.086  1.086  1.     1.086  0.086 -1.   ]

[ 1.    -2.377 -3.377 -2.377 -1.377 -0.377 -2.377 -1.377  1.    -1.377 -2.377 -1.   ]

##############################################################################################################

Y_u_1:
[[0. 0. 0. 0.]
 [0. 1. 0. 0.]
 [0. 0. 1. 0.]]

Y_u_2:
[[0. 0. 0. 1.]
 [0. 0. 1. 0.]
 [1. 0. 0. 0.]]

fourth_row_u:
[[0. 1. 0. 2.]]

Y_d_1:
[[0. 0. 1.]
 [0. 1. 0.]
 [1. 0. 0.]]

Y_d_2:
[[0. 0. 0.]
 [0. 0. 0.]
 [0. 1. 0.]]

Charges:
[  1.     -9.119 -10.119  -9.119  -8.119  -7.119  -9.119  -8.119   1.     -8.119  -9.119  -0.   ]

[ 1.    -0.339 -1.339 -0.339  0.661  1.661 -0.339  0.661  1.     0.661 -0.339  0.   ]

##############################################################################################################

Y_u_1:
[[0. 0. 0. 0.]
 [0. 0. 1. 0.]
 [1. 0. 0. 0.]]

Y_u_2:
[[0. 0. 0. 1.]
 [0. 1. 0. 0.]
 [0. 0. 1. 0.]]

fourth_row_u:
[[0. 1. 0. 2.]]

Y_d_1:
[[0. 0. 0.]
 [0. 0. 0.]
 [0. 1. 0.]]

Y_d_2:
[[0. 0. 1.]
 [0. 1. 0.]
 [1. 0. 0.]]

Charges:
[ 1.     0.186 -0.814 -0.814 -1.814 -1.814  0.186 -0.814  1.    -2.814 -1.814 -1.   ]

[ 1.     2.398  1.398  1.398  0.398  0.398  2.398  1.398  1.    -0.602  0.398 -1.   ]

##############################################################################################################

Y_u_1:
[[0. 0. 0. 0.]
 [0. 0. 1. 0.]
 [1. 0. 0. 0.]]

Y_u_2:
[[0. 0. 0. 1.]
 [0. 1. 0. 0.]
 [0. 0. 1. 0.]]

fourth_row_u:
[[0. 1. 0. 2.]]

Y_d_1:
[[0. 0. 1.]
 [0. 0. 0.]
 [0. 1. 0.]]

Y_d_2:
[[0. 0. 0.]
 [0. 1. 0.]
 [1. 0. 0.]]

Charges:
[ 1.     1.739  0.739  0.739 -0.261 -0.261  1.739  0.739  1.    -1.261 -0.261  0.   ]

[ 1.    -1.406 -2.406 -2.406 -3.406 -3.406 -1.406 -2.406  1.    -4.406 -3.406  0.   ]

##############################################################################################################

CASE 15:
M_u:
[[0 0 1 1]
 [0 1 0 1]
 [1 0 1 0]
 [0 1 0 0]]
M_d:
[[0 0 1]
 [0 1 1]
 [1 0 0]]

POSSIBLE DECOMPOSITIONS:

Y_u_1:
[[0. 0. 1. 0.]
 [0. 0. 0. 1.]
 [1. 0. 0. 0.]]

Y_u_2:
[[0. 0. 0. 1.]
 [0. 1. 0. 0.]
 [0. 0. 1. 0.]]

fourth_row_u:
[[0. 1. 0. 0.]]

Y_d_1:
[[0. 0. 1.]
 [0. 1. 0.]
 [0. 0. 0.]]

Y_d_2:
[[0. 0. 0.]
 [0. 0. 1.]
 [1. 0. 0.]]

Charges:
[ 1.     2.    -4.195  1.    -1.    -1.     2.    -0.     1.    -2.     1.     0.   ]

[ 1.     2.     4.291  1.    -1.    -1.     2.     0.     1.    -2.     1.     0.   ]

##############################################################################################################

CASE 16:
M_u:
[[0 0 0 1]
 [0 0 1 0]
 [0 1 0 1]
 [1 1 1 0]]
M_d:
[[0 1 1]
 [1 0 0]
 [0 0 1]]

POSSIBLE DECOMPOSITIONS:

Y_u_1:
[[0. 0. 0. 0.]
 [0. 0. 0. 0.]
 [0. 0. 0. 1.]]

Y_u_2:
[[0. 0. 0. 1.]
 [0. 0. 1. 0.]
 [0. 1. 0. 0.]]

fourth_row_u:
[[1. 2. 3. 0.]]

Y_d_1:
[[0. 0. 1.]
 [0. 0. 0.]
 [0. 0. 0.]]

Y_d_2:
[[0. 1. 0.]
 [1. 0. 0.]
 [0. 0. 1.]]

Charges:
[ 1.     1.94  -0.06   0.879  1.     1.94   2.     1.879  1.    -0.121 -1.     0.   ]

[ 1.    -0.243 -2.243 -3.485  1.    -0.243  2.    -2.485  1.    -4.485 -1.     0.   ]

##############################################################################################################

Y_u_1:
[[0. 0. 0. 0.]
 [0. 0. 0. 0.]
 [0. 0. 0. 1.]]

Y_u_2:
[[0. 0. 0. 1.]
 [0. 0. 1. 0.]
 [0. 1. 0. 0.]]

fourth_row_u:
[[1. 2. 3. 0.]]

Y_d_1:
[[0. 0. 1.]
 [1. 0. 0.]
 [0. 0. 0.]]

Y_d_2:
[[0. 1. 0.]
 [0. 0. 0.]
 [0. 0. 1.]]

Charges:
[ 1.     1.739 -0.261  0.479  1.     1.739  2.     1.479  1.     0.479 -1.     0.   ]

[ 1.    -0.332 -2.332 -3.665  1.    -0.332  2.    -2.665  1.    -3.665 -1.     0.   ]

##############################################################################################################

Y_u_1:
[[0. 0. 0. 1.]
 [0. 0. 0. 0.]
 [0. 1. 0. 0.]]

Y_u_2:
[[0. 0. 0. 0.]
 [0. 0. 1. 0.]
 [0. 0. 0. 1.]]

fourth_row_u:
[[1. 2. 3. 0.]]

Y_d_1:
[[0. 1. 0.]
 [0. 0. 0.]
 [0. 0. 1.]]

Y_d_2:
[[0. 0. 1.]
 [1. 0. 0.]
 [0. 0. 0.]]

Charges:
[ 1.    1.54  2.54  3.08 -1.    1.54 -1.    4.08 -0.    2.08 -0.   -1.  ]

[ 1.    -0.354  0.646 -0.709 -1.    -0.354 -1.     0.291 -0.    -1.709  0.    -1.   ]

##############################################################################################################

Y_u_1:
[[0. 0. 0. 1.]
 [0. 0. 0. 0.]
 [0. 1. 0. 0.]]

Y_u_2:
[[0. 0. 0. 0.]
 [0. 0. 1. 0.]
 [0. 0. 0. 1.]]

fourth_row_u:
[[1. 2. 3. 0.]]

Y_d_1:
[[0. 1. 0.]
 [1. 0. 0.]
 [0. 0. 1.]]

Y_d_2:
[[0. 0. 1.]
 [0. 0. 0.]
 [0. 0. 0.]]

Charges:
[ 1.     1.112  2.112  2.224 -1.     1.112 -1.     3.224 -0.     2.224  0.    -1.   ]

[ 1.    -0.474  0.526 -0.949 -1.    -0.474 -1.     0.051 -0.    -0.949  0.    -1.   ]

##############################################################################################################

CASE 17:
M_u:
[[0 0 0 1]
 [0 1 1 0]
 [1 0 1 0]
 [0 1 0 1]]
M_d:
[[0 0 1]
 [1 1 0]
 [0 1 0]]

POSSIBLE DECOMPOSITIONS:

Y_u_1:
[[0. 0. 0. 0.]
 [0. 1. 0. 0.]
 [0. 0. 1. 0.]]

Y_u_2:
[[0. 0. 0. 1.]
 [0. 0. 1. 0.]
 [1. 0. 0. 0.]]

fourth_row_u:
[[0. 1. 0. 2.]]

Y_d_1:
[[0. 0. 0.]
 [0. 1. 0.]
 [0. 0. 0.]]

Y_d_2:
[[0. 0. 1.]
 [1. 0. 0.]
 [0. 1. 0.]]

Charges:
[ 1.    -2.082 -3.082 -2.082 -1.082 -0.082 -2.082 -1.082  1.    -3.082 -2.082 -1.   ]

[ 1.     0.409 -0.591  0.409  1.409  2.409  0.409  1.409  1.    -0.591  0.409 -1.   ]

##############################################################################################################

Y_u_1:
[[0. 0. 0. 0.]
 [0. 1. 0. 0.]
 [0. 0. 1. 0.]]

Y_u_2:
[[0. 0. 0. 1.]
 [0. 0. 1. 0.]
 [1. 0. 0. 0.]]

fourth_row_u:
[[0. 1. 0. 2.]]

Y_d_1:
[[0. 0. 1.]
 [0. 1. 0.]
 [0. 0. 0.]]

Y_d_2:
[[0. 0. 0.]
 [1. 0. 0.]
 [0. 1. 0.]]

Charges:
[ 1.    -2.493 -3.493 -2.493 -1.493 -0.493 -2.493 -1.493  1.    -3.493 -2.493 -0.   ]

[ 1.     0.245 -0.755  0.245  1.245  2.245  0.245  1.245  1.    -0.755  0.245 -0.   ]

##############################################################################################################

Y_u_1:
[[0. 0. 0. 0.]
 [0. 0. 1. 0.]
 [1. 0. 0. 0.]]

Y_u_2:
[[0. 0. 0. 1.]
 [0. 1. 0. 0.]
 [0. 0. 1. 0.]]

fourth_row_u:
[[0. 1. 0. 2.]]

Y_d_1:
[[0. 0. 0.]
 [1. 0. 0.]
 [0. 1. 0.]]

Y_d_2:
[[0. 0. 1.]
 [0. 1. 0.]
 [0. 0. 0.]]

Charges:
[ 1.     1.597  0.597  0.597 -0.403 -0.403  1.597  0.597  1.     0.597 -0.403 -1.   ]

[ 1.    -0.694 -1.694 -1.694 -2.694 -2.694 -0.694 -1.694  1.    -1.694 -2.694 -1.   ]

##############################################################################################################

Y_u_1:
[[0. 0. 0. 0.]
 [0. 0. 1. 0.]
 [1. 0. 0. 0.]]

Y_u_2:
[[0. 0. 0. 1.]
 [0. 1. 0. 0.]
 [0. 0. 1. 0.]]

fourth_row_u:
[[0. 1. 0. 2.]]

Y_d_1:
[[0. 0. 1.]
 [1. 0. 0.]
 [0. 1. 0.]]

Y_d_2:
[[0. 0. 0.]
 [0. 1. 0.]
 [0. 0. 0.]]

Charges:
[ 1.     1.976  0.976  0.976 -0.024 -0.024  1.976  0.976  1.     0.976 -0.024  0.   ]

[ 1.     0.226 -0.774 -0.774 -1.774 -1.774  0.226 -0.774  1.    -0.774 -1.774  0.   ]

##############################################################################################################

CASE 18:
M_u:
[[0 0 1 1]
 [0 1 0 1]
 [1 0 1 0]
 [0 1 0 0]]
M_d:
[[0 0 1]
 [0 1 0]
 [1 0 1]]

POSSIBLE DECOMPOSITIONS:

Y_u_1:
[[0. 0. 1. 0.]
 [0. 0. 0. 1.]
 [1. 0. 0. 0.]]

Y_u_2:
[[0. 0. 0. 1.]
 [0. 1. 0. 0.]
 [0. 0. 1. 0.]]

fourth_row_u:
[[0. 1. 0. 0.]]

Y_d_1:
[[0. 0. 0.]
 [0. 1. 0.]
 [0. 0. 1.]]

Y_d_2:
[[0. 0. 1.]
 [0. 0. 0.]
 [1. 0. 0.]]

Charges:
[ 1.     2.     4.008  1.    -1.    -1.     2.     0.     1.    -2.     1.    -1.   ]

[ 1.    2.   -4.74  1.   -1.   -1.    2.   -0.    1.   -2.    1.   -1.  ]

##############################################################################################################

CASE 19:
M_u:
[[0 0 0 1]
 [0 0 1 0]
 [0 1 0 1]
 [1 0 1 1]]
M_d:
[[0 0 1]
 [0 1 0]
 [1 0 1]]

POSSIBLE DECOMPOSITIONS:

Y_u_1:
[[0. 0. 0. 0.]
 [0. 0. 0. 0.]
 [0. 0. 0. 1.]]

Y_u_2:
[[0. 0. 0. 1.]
 [0. 0. 1. 0.]
 [0. 1. 0. 0.]]

fourth_row_u:
[[1. 0. 2. 3.]]

Y_d_1:
[[0. 0. 1.]
 [0. 0. 0.]
 [1. 0. 0.]]

Y_d_2:
[[0. 0. 0.]
 [0. 1. 0.]
 [0. 0. 1.]]

Charges:
[ 1.     1.106 -0.106  0.212  1.     1.106  2.     1.212  1.     1.    -0.788  0.   ]

[ 1.    -2.403  3.403 -6.805  1.    -2.403  2.    -5.805  1.     1.    -7.805 -0.   ]

##############################################################################################################

Y_u_1:
[[0. 0. 0. 0.]
 [0. 0. 0. 0.]
 [0. 0. 0. 1.]]

Y_u_2:
[[0. 0. 0. 1.]
 [0. 0. 1. 0.]
 [0. 1. 0. 0.]]

fourth_row_u:
[[1. 0. 2. 3.]]

Y_d_1:
[[0. 0. 1.]
 [0. 1. 0.]
 [1. 0. 0.]]

Y_d_2:
[[0. 0. 0.]
 [0. 0. 0.]
 [0. 0. 1.]]

Charges:
[ 1.    -0.054  1.054 -2.109  1.    -0.054  2.    -1.109  1.     1.    -2.109 -0.   ]

[ 1.     1.574 -0.574  1.148  1.     1.574  2.     2.148  1.     1.     1.148  0.   ]

##############################################################################################################

Y_u_1:
[[0. 0. 0. 1.]
 [0. 0. 0. 0.]
 [0. 1. 0. 0.]]

Y_u_2:
[[0. 0. 0. 0.]
 [0. 0. 1. 0.]
 [0. 0. 0. 1.]]

fourth_row_u:
[[1. 0. 2. 3.]]

Y_d_1:
[[0. 0. 0.]
 [0. 0. 0.]
 [0. 0. 1.]]

Y_d_2:
[[0. 0. 1.]
 [0. 1. 0.]
 [1. 0. 0.]]

Charges:
[ 1.     2.279 -2.279  3.558 -1.     2.279 -1.     4.558 -0.    -2.     2.558 -1.   ]

[ 1.     0.024 -0.024 -0.952 -1.     0.024 -1.     0.048 -0.    -2.    -1.952 -1.   ]

##############################################################################################################

Y_u_1:
[[0. 0. 0. 1.]
 [0. 0. 0. 0.]
 [0. 1. 0. 0.]]

Y_u_2:
[[0. 0. 0. 0.]
 [0. 0. 1. 0.]
 [0. 0. 0. 1.]]

fourth_row_u:
[[1. 0. 2. 3.]]

Y_d_1:
[[0. 0. 0.]
 [0. 1. 0.]
 [0. 0. 1.]]

Y_d_2:
[[0. 0. 1.]
 [0. 0. 0.]
 [1. 0. 0.]]

Charges:
[ 1.    -2.132  2.132 -5.264 -1.    -2.132 -1.    -4.264  0.    -2.    -5.264 -1.   ]

[ 1.     0.515 -0.515  0.03  -1.     0.515 -1.     1.03  -0.    -2.     0.03  -1.   ]

##############################################################################################################

CASE 20:
M_u:
[[0 0 0 1]
 [0 0 1 0]
 [0 1 0 1]
 [1 1 1 0]]
M_d:
[[0 0 1]
 [0 1 1]
 [1 0 0]]

POSSIBLE DECOMPOSITIONS:

Y_u_1:
[[0. 0. 0. 1.]
 [0. 0. 0. 0.]
 [0. 1. 0. 0.]]

Y_u_2:
[[0. 0. 0. 0.]
 [0. 0. 1. 0.]
 [0. 0. 0. 1.]]

fourth_row_u:
[[1. 2. 3. 0.]]

Y_d_1:
[[0. 0. 1.]
 [0. 1. 0.]
 [0. 0. 0.]]

Y_d_2:
[[0. 0. 0.]
 [0. 0. 1.]
 [1. 0. 0.]]

Charges:
[ 1.   0.5  1.5  1.  -1.   0.5 -1.   2.   0.  -2.   1.   0. ]

##############################################################################################################

CASE 21:
M_u:
[[0 0 0 1]
 [0 0 1 1]
 [0 1 1 0]
 [1 0 1 0]]
M_d:
[[0 1 1]
 [0 0 1]
 [1 0 0]]

POSSIBLE DECOMPOSITIONS:

Y_u_1:
[[0. 0. 0. 0.]
 [0. 0. 0. 1.]
 [0. 0. 1. 0.]]

Y_u_2:
[[0. 0. 0. 1.]
 [0. 0. 1. 0.]
 [0. 1. 0. 0.]]

fourth_row_u:
[[1. 0. 2. 0.]]

Y_d_1:
[[0. 0. 1.]
 [0. 0. 0.]
 [1. 0. 0.]]

Y_d_2:
[[0. 1. 0.]
 [0. 0. 1.]
 [0. 0. 0.]]

Charges:
[ 1.    60.989 58.989  1.     2.    60.989  3.     2.     1.     2.    -1.     0.   ]

[ 1.     0.514 -1.486  1.     2.     0.514  3.     2.     1.     2.    -1.     0.   ]

##############################################################################################################

CASE 22:
M_u:
[[0 0 0 1]
 [0 0 1 1]
 [0 1 1 0]
 [1 1 0 0]]
M_d:
[[0 0 1]
 [0 1 0]
 [1 1 0]]

POSSIBLE DECOMPOSITIONS:

Y_u_1:
[[0. 0. 0. 0.]
 [0. 0. 0. 1.]
 [0. 0. 1. 0.]]

Y_u_2:
[[0. 0. 0. 1.]
 [0. 0. 1. 0.]
 [0. 1. 0. 0.]]

fourth_row_u:
[[1. 2. 0. 0.]]

Y_d_1:
[[0. 0. 0.]
 [0. 1. 0.]
 [1. 0. 0.]]

Y_d_2:
[[0. 0. 1.]
 [0. 0. 0.]
 [0. 1. 0.]]

Charges:
[ 1.    -0.032 -3.032  1.     2.    -0.032  3.     2.     1.     2.     1.    -1.   ]

[ 1.    11.341  8.341  1.     2.    11.341  3.     2.     1.     2.     1.    -1.   ]

##############################################################################################################

CASE 23:
M_u:
[[0 0 0 1]
 [0 0 1 0]
 [0 1 0 1]
 [1 0 1 1]]
M_d:
[[0 1 1]
 [1 0 0]
 [0 0 1]]

POSSIBLE DECOMPOSITIONS:

Y_u_1:
[[0. 0. 0. 0.]
 [0. 0. 0. 0.]
 [0. 0. 0. 1.]]

Y_u_2:
[[0. 0. 0. 1.]
 [0. 0. 1. 0.]
 [0. 1. 0. 0.]]

fourth_row_u:
[[1. 0. 2. 3.]]

Y_d_1:
[[0. 0. 1.]
 [0. 0. 0.]
 [0. 0. 0.]]

Y_d_2:
[[0. 1. 0.]
 [1. 0. 0.]
 [0. 0. 1.]]

Charges:
[ 1.     1.305 -0.305  0.61   1.     1.305  2.     1.61   1.    -0.39  -1.    -0.   ]

[ 1.    -0.917  1.917 -3.835  1.    -0.917  2.    -2.835  1.    -4.835 -1.    -0.   ]

##############################################################################################################

Y_u_1:
[[0. 0. 0. 0.]
 [0. 0. 0. 0.]
 [0. 0. 0. 1.]]

Y_u_2:
[[0. 0. 0. 1.]
 [0. 0. 1. 0.]
 [0. 1. 0. 0.]]

fourth_row_u:
[[1. 0. 2. 3.]]

Y_d_1:
[[0. 0. 1.]
 [1. 0. 0.]
 [0. 0. 0.]]

Y_d_2:
[[0. 1. 0.]
 [0. 0. 0.]
 [0. 0. 1.]]

Charges:
[ 1.     1.765 -0.765  1.531  1.     1.765  2.     2.531  1.     1.531 -1.    -0.   ]

[ 1.     0.092  0.908 -1.817  1.     0.092  2.    -0.817  1.    -1.817 -1.    -0.   ]

##############################################################################################################

Y_u_1:
[[0. 0. 0. 1.]
 [0. 0. 0. 0.]
 [0. 1. 0. 0.]]

Y_u_2:
[[0. 0. 0. 0.]
 [0. 0. 1. 0.]
 [0. 0. 0. 1.]]

fourth_row_u:
[[1. 0. 2. 3.]]

Y_d_1:
[[0. 1. 0.]
 [0. 0. 0.]
 [0. 0. 1.]]

Y_d_2:
[[0. 0. 1.]
 [1. 0. 0.]
 [0. 0. 0.]]

Charges:
[ 1.     1.127 -1.127  1.253 -1.     1.127 -1.     2.253  0.     0.253 -0.    -1.   ]

[ 1.    -0.205  0.205 -1.411 -1.    -0.205 -1.    -0.411 -0.    -2.411  0.    -1.   ]

##############################################################################################################

Y_u_1:
[[0. 0. 0. 1.]
 [0. 0. 0. 0.]
 [0. 1. 0. 0.]]

Y_u_2:
[[0. 0. 0. 0.]
 [0. 0. 1. 0.]
 [0. 0. 0. 1.]]

fourth_row_u:
[[1. 0. 2. 3.]]

Y_d_1:
[[0. 1. 0.]
 [1. 0. 0.]
 [0. 0. 1.]]

Y_d_2:
[[0. 0. 1.]
 [0. 0. 0.]
 [0. 0. 0.]]

Charges:
[ 1.    0.13 -0.13 -0.74 -1.    0.13 -1.    0.26  0.   -0.74 -0.   -1.  ]

[ 1.     2.674 -2.674  4.347 -1.     2.674 -1.     5.347 -0.     4.347 -0.    -1.   ]

##############################################################################################################

CASE 24:
M_u:
[[0 0 0 1]
 [0 0 1 1]
 [0 1 1 0]
 [1 0 1 0]]
M_d:
[[0 0 1]
 [0 1 0]
 [1 1 0]]

POSSIBLE DECOMPOSITIONS:

Y_u_1:
[[0. 0. 0. 0.]
 [0. 0. 0. 1.]
 [0. 0. 1. 0.]]

Y_u_2:
[[0. 0. 0. 1.]
 [0. 0. 1. 0.]
 [0. 1. 0. 0.]]

fourth_row_u:
[[1. 0. 2. 0.]]

Y_d_1:
[[0. 0. 0.]
 [0. 1. 0.]
 [1. 0. 0.]]

Y_d_2:
[[0. 0. 1.]
 [0. 0. 0.]
 [0. 1. 0.]]

Charges:
[ 1.     0.867 -1.133  1.     2.     0.867  3.     2.     1.     2.     1.    -1.   ]

[  1.    -46.961 -48.961   1.      2.    -46.961   3.      2.      1.      2.      1.     -1.   ]

##############################################################################################################

CASE 25:
M_u:
[[0 0 0 1]
 [0 0 1 1]
 [0 1 1 0]
 [1 0 0 1]]
M_d:
[[0 1 1]
 [0 0 1]
 [1 0 0]]

POSSIBLE DECOMPOSITIONS:

Y_u_1:
[[0. 0. 0. 0.]
 [0. 0. 0. 1.]
 [0. 0. 1. 0.]]

Y_u_2:
[[0. 0. 0. 1.]
 [0. 0. 1. 0.]
 [0. 1. 0. 0.]]

fourth_row_u:
[[1. 0. 0. 2.]]

Y_d_1:
[[0. 0. 1.]
 [0. 0. 0.]
 [1. 0. 0.]]

Y_d_2:
[[0. 1. 0.]
 [0. 0. 1.]
 [0. 0. 0.]]

Charges:
[ 1.     0.029 -0.971  1.     2.     0.029  3.     2.     1.     2.    -1.    -0.   ]

[ 1.    28.483 27.483  1.     2.    28.483  3.     2.     1.     2.    -1.     0.   ]

##############################################################################################################

CASE 26:
M_u:
[[0 0 0 1]
 [0 0 1 0]
 [0 1 0 1]
 [1 0 1 1]]
M_d:
[[0 0 1]
 [0 1 1]
 [1 0 0]]

POSSIBLE DECOMPOSITIONS:

Y_u_1:
[[0. 0. 0. 1.]
 [0. 0. 0. 0.]
 [0. 1. 0. 0.]]

Y_u_2:
[[0. 0. 0. 0.]
 [0. 0. 1. 0.]
 [0. 0. 0. 1.]]

fourth_row_u:
[[2. 0. 1. 3.]]

Y_d_1:
[[0. 0. 1.]
 [0. 1. 0.]
 [0. 0. 0.]]

Y_d_2:
[[0. 0. 0.]
 [0. 0. 1.]
 [1. 0. 0.]]

Charges:
[ 1.  2. -2.  1. -1.  4. -1.  2. -0. -2.  1.  0.]

##############################################################################################################

Y_u_1:
[[0. 0. 0. 1.]
 [0. 0. 0. 0.]
 [0. 1. 0. 0.]]

Y_u_2:
[[0. 0. 0. 0.]
 [0. 0. 1. 0.]
 [0. 0. 0. 1.]]

fourth_row_u:
[[2. 0. 3. 1.]]

Y_d_1:
[[0. 0. 1.]
 [0. 1. 0.]
 [0. 0. 0.]]

Y_d_2:
[[0. 0. 0.]
 [0. 0. 1.]
 [1. 0. 0.]]

Charges:
[ 1. -0.  2.  1. -1. -2. -1.  2.  0. -2.  1.  0.]

##############################################################################################################

CASE 27:
M_u:
[[0 0 0 1]
 [0 0 1 1]
 [0 1 1 0]
 [1 0 0 1]]
M_d:
[[0 0 1]
 [0 1 0]
 [1 1 0]]

POSSIBLE DECOMPOSITIONS:

Y_u_1:
[[0. 0. 0. 0.]
 [0. 0. 0. 1.]
 [0. 0. 1. 0.]]

Y_u_2:
[[0. 0. 0. 1.]
 [0. 0. 1. 0.]
 [0. 1. 0. 0.]]

fourth_row_u:
[[1. 0. 0. 2.]]

Y_d_1:
[[0. 0. 0.]
 [0. 1. 0.]
 [1. 0. 0.]]

Y_d_2:
[[0. 0. 1.]
 [0. 0. 0.]
 [0. 1. 0.]]

Charges:
[ 1.    -1.603 -2.603  1.     2.    -1.603  3.     2.     1.     2.     1.    -1.   ]

[ 1.     4.923  3.923  1.     2.     4.923  3.     2.     1.     2.     1.    -1.   ]

##############################################################################################################

CASE 28:
M_u:
[[0 0 0 1]
 [0 0 1 1]
 [1 1 0 0]
 [0 1 0 1]]
M_d:
[[0 1 1]
 [0 0 1]
 [1 0 0]]

POSSIBLE DECOMPOSITIONS:

Y_u_1:
[[0. 0. 0. 0.]
 [0. 0. 0. 1.]
 [1. 0. 0. 0.]]

Y_u_2:
[[0. 0. 0. 1.]
 [0. 0. 1. 0.]
 [0. 1. 0. 0.]]

fourth_row_u:
[[0. 1. 0. 2.]]

Y_d_1:
[[0. 0. 1.]
 [0. 0. 0.]
 [0. 0. 0.]]

Y_d_2:
[[0. 1. 0.]
 [0. 0. 1.]
 [1. 0. 0.]]

Charges:
[  1.     -8.182  -9.182   1.     -9.182  -9.182  -8.182   2.      1.    -10.182  -1.      0.   ]

[ 1.     1.034  0.034  1.     0.034  0.034  1.034  2.     1.    -0.966 -1.     0.   ]

##############################################################################################################

Y_u_1:
[[0. 0. 0. 0.]
 [0. 0. 0. 1.]
 [1. 0. 0. 0.]]

Y_u_2:
[[0. 0. 0. 1.]
 [0. 0. 1. 0.]
 [0. 1. 0. 0.]]

fourth_row_u:
[[0. 1. 0. 2.]]

Y_d_1:
[[0. 0. 1.]
 [0. 0. 0.]
 [1. 0. 0.]]

Y_d_2:
[[0. 1. 0.]
 [0. 0. 1.]
 [0. 0. 0.]]

Charges:
[ 1.     3.692  2.692  1.     2.692  2.692  3.692  2.     1.     2.692 -1.     0.   ]

[ 1.     0.153 -0.847  1.    -0.847 -0.847  0.153  2.     1.    -0.847 -1.    -0.   ]

##############################################################################################################

Y_u_1:
[[0. 0. 0. 0.]
 [0. 0. 0. 1.]
 [0. 1. 0. 0.]]

Y_u_2:
[[0. 0. 0. 1.]
 [0. 0. 1. 0.]
 [1. 0. 0. 0.]]

fourth_row_u:
[[0. 1. 0. 2.]]

Y_d_1:
[[0. 0. 1.]
 [0. 0. 0.]
 [0. 0. 0.]]

Y_d_2:
[[0. 1. 0.]
 [0. 0. 1.]
 [1. 0. 0.]]

Charges:
[ 1.    -0.854 -1.854  1.    -0.854  0.146 -0.854  2.     1.    -1.854 -1.    -0.   ]

[ 1.     1.935  0.935  1.     1.935  2.935  1.935  2.     1.     0.935 -1.    -0.   ]

##############################################################################################################

Y_u_1:
[[0. 0. 0. 0.]
 [0. 0. 0. 1.]
 [0. 1. 0. 0.]]

Y_u_2:
[[0. 0. 0. 1.]
 [0. 0. 1. 0.]
 [1. 0. 0. 0.]]

fourth_row_u:
[[0. 1. 0. 2.]]

Y_d_1:
[[0. 0. 1.]
 [0. 0. 0.]
 [1. 0. 0.]]

Y_d_2:
[[0. 1. 0.]
 [0. 0. 1.]
 [0. 0. 0.]]

Charges:
[ 1.     0.431 -0.569  1.     0.431  1.431  0.431  2.     1.     0.431 -1.     0.   ]

[ 1.    -3.868 -4.868  1.    -3.868 -2.868 -3.868  2.     1.    -3.868 -1.    -0.   ]

##############################################################################################################

CASE 29:
M_u:
[[0 0 0 1]
 [0 0 1 1]
 [1 1 0 0]
 [0 1 1 1]]
M_d:
[[0 0 1]
 [0 1 0]
 [1 0 0]]

POSSIBLE DECOMPOSITIONS:

Y_u_1:
[[0. 0. 0. 0.]
 [0. 0. 0. 1.]
 [1. 0. 0. 0.]]

Y_u_2:
[[0. 0. 0. 1.]
 [0. 0. 1. 0.]
 [0. 1. 0. 0.]]

fourth_row_u:
[[0. 1. 2. 3.]]

Y_d_1:
[[0. 0. 0.]
 [0. 1. 0.]
 [0. 0. 0.]]

Y_d_2:
[[0. 0. 1.]
 [0. 0. 0.]
 [1. 0. 0.]]

Charges:
[ 1.   1.5 -0.5  1.   0.5  0.5  1.5  2.   1.  -0.5  1.  -1. ]

##############################################################################################################

Y_u_1:
[[0. 0. 0. 0.]
 [0. 0. 0. 1.]
 [1. 0. 0. 0.]]

Y_u_2:
[[0. 0. 0. 1.]
 [0. 0. 1. 0.]
 [0. 1. 0. 0.]]

fourth_row_u:
[[0. 1. 2. 3.]]

Y_d_1:
[[0. 0. 0.]
 [0. 1. 0.]
 [1. 0. 0.]]

Y_d_2:
[[0. 0. 1.]
 [0. 0. 0.]
 [0. 0. 0.]]

Charges:
[ 1.   1.5 -0.5  1.   0.5  0.5  1.5  2.   1.   0.5  1.  -1. ]

##############################################################################################################

Y_u_1:
[[0. 0. 0. 0.]
 [0. 0. 0. 1.]
 [0. 1. 0. 0.]]

Y_u_2:
[[0. 0. 0. 1.]
 [0. 0. 1. 0.]
 [1. 0. 0. 0.]]

fourth_row_u:
[[0. 1. 2. 3.]]

Y_d_1:
[[0. 0. 0.]
 [0. 1. 0.]
 [0. 0. 0.]]

Y_d_2:
[[0. 0. 1.]
 [0. 0. 0.]
 [1. 0. 0.]]

Charges:
[ 1.   1.5 -0.5  1.   1.5  2.5  1.5  2.   1.   0.5  1.  -1. ]

##############################################################################################################

Y_u_1:
[[0. 0. 0. 0.]
 [0. 0. 0. 1.]
 [0. 1. 0. 0.]]

Y_u_2:
[[0. 0. 0. 1.]
 [0. 0. 1. 0.]
 [1. 0. 0. 0.]]

fourth_row_u:
[[0. 1. 2. 3.]]

Y_d_1:
[[0. 0. 0.]
 [0. 1. 0.]
 [1. 0. 0.]]

Y_d_2:
[[0. 0. 1.]
 [0. 0. 0.]
 [0. 0. 0.]]

Charges:
[ 1.   1.5 -0.5  1.   1.5  2.5  1.5  2.   1.   1.5  1.  -1. ]

##############################################################################################################

Y_u_1:
[[0. 0. 0. 0.]
 [0. 0. 0. 1.]
 [0. 1. 0. 0.]]

Y_u_2:
[[0. 0. 0. 1.]
 [0. 0. 1. 0.]
 [1. 0. 0. 0.]]

fourth_row_u:
[[0. 2. 1. 3.]]

Y_d_1:
[[0. 0. 0.]
 [0. 1. 0.]
 [0. 0. 0.]]

Y_d_2:
[[0. 0. 1.]
 [0. 0. 0.]
 [1. 0. 0.]]

Charges:
[ 1.  2. -1.  1.  3.  4.  3.  2.  1.  2.  1. -1.]

##############################################################################################################

Y_u_1:
[[0. 0. 0. 0.]
 [0. 0. 0. 1.]
 [0. 1. 0. 0.]]

Y_u_2:
[[0. 0. 0. 1.]
 [0. 0. 1. 0.]
 [1. 0. 0. 0.]]

fourth_row_u:
[[0. 2. 1. 3.]]

Y_d_1:
[[0. 0. 0.]
 [0. 1. 0.]
 [1. 0. 0.]]

Y_d_2:
[[0. 0. 1.]
 [0. 0. 0.]
 [0. 0. 0.]]

Charges:
[ 1.  2. -1.  1.  3.  4.  3.  2.  1.  3.  1. -1.]

##############################################################################################################

CASE 30:
M_u:
[[0 0 0 1]
 [0 1 1 0]
 [1 0 1 0]
 [0 1 1 1]]
M_d:
[[0 0 1]
 [0 1 0]
 [1 0 0]]

POSSIBLE DECOMPOSITIONS:

Y_u_1:
[[0. 0. 0. 0.]
 [0. 1. 0. 0.]
 [0. 0. 1. 0.]]

Y_u_2:
[[0. 0. 0. 1.]
 [0. 0. 1. 0.]
 [1. 0. 0. 0.]]

fourth_row_u:
[[0. 1. 2. 3.]]

Y_d_1:
[[0. 0. 0.]
 [0. 0. 0.]
 [1. 0. 0.]]

Y_d_2:
[[0. 0. 1.]
 [0. 1. 0.]
 [0. 0. 0.]]

Charges:
[ 1.  2. -1.  2.  3.  4.  2.  3.  1.  3.  1. -1.]

##############################################################################################################

Y_u_1:
[[0. 0. 0. 0.]
 [0. 1. 0. 0.]
 [0. 0. 1. 0.]]

Y_u_2:
[[0. 0. 0. 1.]
 [0. 0. 1. 0.]
 [1. 0. 0. 0.]]

fourth_row_u:
[[0. 1. 2. 3.]]

Y_d_1:
[[0. 0. 1.]
 [0. 0. 0.]
 [1. 0. 0.]]

Y_d_2:
[[0. 0. 0.]
 [0. 1. 0.]
 [0. 0. 0.]]

Charges:
[ 1.  2. -1.  2.  3.  4.  2.  3.  1.  3.  1.  0.]

##############################################################################################################

Y_u_1:
[[0. 0. 0. 0.]
 [0. 1. 0. 0.]
 [0. 0. 1. 0.]]

Y_u_2:
[[0. 0. 0. 1.]
 [0. 0. 1. 0.]
 [1. 0. 0. 0.]]

fourth_row_u:
[[0. 2. 3. 1.]]

Y_d_1:
[[0. 0. 0.]
 [0. 0. 0.]
 [1. 0. 0.]]

Y_d_2:
[[0. 0. 1.]
 [0. 1. 0.]
 [0. 0. 0.]]

Charges:
[ 1.   1.   0.5  0.5  1.5  2.5  0.5  1.5  1.   1.5 -0.5 -1. ]

##############################################################################################################

Y_u_1:
[[0. 0. 0. 0.]
 [0. 1. 0. 0.]
 [0. 0. 1. 0.]]

Y_u_2:
[[0. 0. 0. 1.]
 [0. 0. 1. 0.]
 [1. 0. 0. 0.]]

fourth_row_u:
[[0. 2. 3. 1.]]

Y_d_1:
[[0. 0. 1.]
 [0. 0. 0.]
 [1. 0. 0.]]

Y_d_2:
[[0. 0. 0.]
 [0. 1. 0.]
 [0. 0. 0.]]

Charges:
[ 1.   1.   0.5  0.5  1.5  2.5  0.5  1.5  1.   1.5 -0.5 -0. ]

##############################################################################################################

Y_u_1:
[[0. 0. 0. 0.]
 [0. 0. 1. 0.]
 [1. 0. 0. 0.]]

Y_u_2:
[[0. 0. 0. 1.]
 [0. 1. 0. 0.]
 [0. 0. 1. 0.]]

fourth_row_u:
[[0. 2. 3. 1.]]

Y_d_1:
[[0. 0. 0.]
 [0. 1. 0.]
 [0. 0. 0.]]

Y_d_2:
[[0. 0. 1.]
 [0. 0. 0.]
 [1. 0. 0.]]

Charges:
[ 1.   1.  -0.5  0.5 -0.5 -0.5  1.5  0.5  1.  -1.5  0.5 -1. ]

##############################################################################################################

Y_u_1:
[[0. 0. 0. 0.]
 [0. 0. 1. 0.]
 [1. 0. 0. 0.]]

Y_u_2:
[[0. 0. 0. 1.]
 [0. 1. 0. 0.]
 [0. 0. 1. 0.]]

fourth_row_u:
[[0. 2. 3. 1.]]

Y_d_1:
[[0. 0. 1.]
 [0. 1. 0.]
 [0. 0. 0.]]

Y_d_2:
[[0. 0. 0.]
 [0. 0. 0.]
 [1. 0. 0.]]

Charges:
[ 1.   1.  -0.5  0.5 -0.5 -0.5  1.5  0.5  1.  -1.5  0.5  0. ]

##############################################################################################################


THERE ARE IN TOTAL 30 MAXIMALLY RESTRICTIVE PAIRS OF TEXTURE ZEROS REALIZABLE WITH 2HDM + ABELIAN SYMMETRY (AFTER MINUIT). 

CONDENSED VIEW OF LIST:
LABELS FOR THE 4TH ROW:

1 -> BARE MASS TERM
2 -> COUPLINGS TO SINGLET SCALAR S
3 -> COUPLINGS TO CONJUNGATE SINGLET SCALAR S*

IF THERE IS NO LABEL, THEN ALL POSSIBLE COMBINATIONS OF COUPLINGS ARE POSSIBLE

CASE 1:
Y_u_1: [0, 3]/[2, 1]Y_u_2: [1, 2]/[2, 3]4th_row =  [3, 0]/[3, 1]      Y_d_1: [0, 2]/[2, 1]Y_d_2: [0, 1]/[1, 2]/[2, 0]                                                     
#####################################

CASE 2:
Y_u_1: [0, 3]/[2, 1]Y_u_2: [1, 2]/[2, 3]4th_row =  [3, 0]/[3, 3]      Y_d_1: [0, 2]/[2, 1]Y_d_2: [0, 1]/[1, 2]/[2, 0]                                                     
#####################################

CASE 3:
Y_u_1: [0, 3]/[2, 1]Y_u_2: [1, 2]/[2, 3]4th_row =  [3, 0]/[3, 3]      Y_d_1: [0, 2]/[1, 0]/[2, 1]Y_d_2: [0, 1]/[1, 2]                                                     
#####################################

CASE 4:
Y_u_1: [0, 3]/[2, 1]Y_u_2: [1, 2]/[2, 3]4th_row =  [3, 0]/[3, 2]      Y_d_1: [0, 2]/[1, 0]/[2, 1]Y_d_2: [0, 1]/[1, 2]                                                     
#####################################

CASE 5:
Y_u_1: [0, 3]/[2, 1]Y_u_2: [1, 2]/[2, 3]4th_row =  [3, 0]/[3, 1]      Y_d_1: [0, 2]/[1, 0]/[2, 1]Y_d_2: [0, 1]/[1, 2]                                                     
#####################################

CASE 6:
Y_u_1: [0, 3]/[2, 1]Y_u_2: [1, 2]/[2, 3]4th_row =  [3, 0]/[3, 2]      Y_d_1: [0, 2]/[2, 1]Y_d_2: [0, 1]/[1, 2]/[2, 0]                                                     
#####################################

CASE 7:
Y_u_1: [2, 3]Y_u_2: [0, 3]/[1, 2]/[2, 1]4th_row =  [3, 0]/[3, 1]/[3, 2]Y_d_1: [0, 2]/[2, 0]Y_d_2: [1, 1]/[2, 2]                                                           
Y_u_1: [2, 3]Y_u_2: [0, 3]/[1, 2]/[2, 1]4th_row =  [3, 0]/[3, 1]/[3, 2]Y_d_1: [0, 2]/[1, 1]/[2, 0]Y_d_2: [2, 2]                                                           
Y_u_1: [0, 3]/[2, 1]Y_u_2: [1, 2]/[2, 3]4th_row =  [3, 0]/[3, 1]/[3, 2]Y_d_1: [2, 2]Y_d_2: [0, 2]/[1, 1]/[2, 0]                                                           
Y_u_1: [0, 3]/[2, 1]Y_u_2: [1, 2]/[2, 3]4th_row =  [3, 0]/[3, 1]/[3, 2]Y_d_1: [1, 1]/[2, 2]Y_d_2: [0, 2]/[2, 0]                                                           
#####################################

CASE 8:
Y_u_1: [1, 3]/[2, 2]Y_u_2: [0, 3]/[1, 2]/[2, 1]4th_row =  [3, 0]/[3, 1]Y_d_1: [0, 2]/[2, 0]Y_d_2: [0, 1]/[1, 2]                                                           
#####################################

CASE 9:
Y_u_1: [1, 3]/[2, 0]Y_u_2: [0, 3]/[1, 2]/[2, 1]4th_row =  [3, 1]/[3, 3]Y_d_1: [0, 2]/[1, 1]Y_d_2: [1, 2]/[2, 0]                                                           
Y_u_1: [1, 3]/[2, 0]Y_u_2: [0, 3]/[1, 2]/[2, 1]4th_row =  [3, 1]/[3, 3]Y_d_1: [0, 2]/[1, 1]/[2, 0]Y_d_2: [1, 2]                                                           
Y_u_1: [1, 3]/[2, 1]Y_u_2: [0, 3]/[1, 2]/[2, 0]4th_row =  [3, 1]/[3, 3]Y_d_1: [0, 2]/[1, 1]Y_d_2: [1, 2]/[2, 0]                                                           
Y_u_1: [1, 3]/[2, 1]Y_u_2: [0, 3]/[1, 2]/[2, 0]4th_row =  [3, 1]/[3, 3]Y_d_1: [0, 2]/[1, 1]/[2, 0]Y_d_2: [1, 2]                                                           
#####################################

CASE 10:
Y_u_1: [1, 3]/[2, 0]Y_u_2: [0, 3]/[1, 2]/[2, 1]4th_row =  [3, 1]/[3, 2]Y_d_1: [0, 2]/[1, 1]Y_d_2: [1, 2]/[2, 0]                                                           
Y_u_1: [1, 3]/[2, 0]Y_u_2: [0, 3]/[1, 2]/[2, 1]4th_row =  [3, 1]/[3, 2]Y_d_1: [0, 2]/[1, 1]/[2, 0]Y_d_2: [1, 2]                                                           
Y_u_1: [1, 3]/[2, 1]Y_u_2: [0, 3]/[1, 2]/[2, 0]4th_row =  [3, 1]/[3, 2]Y_d_1: [0, 2]/[1, 1]Y_d_2: [1, 2]/[2, 0]                                                           
Y_u_1: [1, 3]/[2, 1]Y_u_2: [0, 3]/[1, 2]/[2, 0]4th_row =  [3, 1]/[3, 2]Y_d_1: [0, 2]/[1, 1]/[2, 0]Y_d_2: [1, 2]                                                           
#####################################

CASE 11:
Y_u_1: [0, 3]/[2, 0]Y_u_2: [1, 2]/[2, 1]4th_row =  [3, 1](2)/[3, 2](1)/[3, 3](3)Y_d_1: [0, 2]/[1, 1]Y_d_2: [1, 2]/[2, 0]                                                  
Y_u_1: [0, 3]/[2, 0]Y_u_2: [1, 2]/[2, 1]4th_row =  [3, 1](2)/[3, 2](1)/[3, 3](3)Y_d_1: [0, 2]/[1, 1]/[2, 0]Y_d_2: [1, 2]                                                  
Y_u_1: [0, 3]/[2, 0]Y_u_2: [1, 2]/[2, 1]4th_row =  [3, 1](2)/[3, 2](3)/[3, 3](1)Y_d_1: [0, 2]/[1, 1]Y_d_2: [1, 2]/[2, 0]                                                  
Y_u_1: [0, 3]/[2, 0]Y_u_2: [1, 2]/[2, 1]4th_row =  [3, 1](2)/[3, 2](3)/[3, 3](1)Y_d_1: [0, 2]/[1, 1]/[2, 0]Y_d_2: [1, 2]                                                  
Y_u_1: [0, 3]/[2, 1]Y_u_2: [1, 2]/[2, 0]4th_row =  [3, 1](2)/[3, 2](1)/[3, 3](3)Y_d_1: [0, 2]/[1, 1]Y_d_2: [1, 2]/[2, 0]                                                  
Y_u_1: [0, 3]/[2, 1]Y_u_2: [1, 2]/[2, 0]4th_row =  [3, 1](2)/[3, 2](1)/[3, 3](3)Y_d_1: [0, 2]/[1, 1]/[2, 0]Y_d_2: [1, 2]                                                  
Y_u_1: [0, 3]/[2, 1]Y_u_2: [1, 2]/[2, 0]4th_row =  [3, 1](2)/[3, 2](3)/[3, 3](1)Y_d_1: [0, 2]/[1, 1]Y_d_2: [1, 2]/[2, 0]                                                  
Y_u_1: [0, 3]/[2, 1]Y_u_2: [1, 2]/[2, 0]4th_row =  [3, 1](2)/[3, 2](3)/[3, 3](1)Y_d_1: [0, 2]/[1, 1]/[2, 0]Y_d_2: [1, 2]                                                  
#####################################

CASE 12:
Y_u_1: [1, 1]/[2, 2]Y_u_2: [0, 3]/[1, 2]/[2, 0]4th_row =  [3, 2]/[3, 3]Y_d_1: [1, 1]/[2, 0]Y_d_2: [0, 2]/[2, 1]                                                           
Y_u_1: [1, 1]/[2, 2]Y_u_2: [0, 3]/[1, 2]/[2, 0]4th_row =  [3, 2]/[3, 3]Y_d_1: [0, 2]/[1, 1]/[2, 0]Y_d_2: [2, 1]                                                           
Y_u_1: [1, 2]/[2, 0]Y_u_2: [0, 3]/[1, 1]/[2, 2]4th_row =  [3, 2]/[3, 3]Y_d_1: [2, 1]Y_d_2: [0, 2]/[1, 1]/[2, 0]                                                           
Y_u_1: [1, 2]/[2, 0]Y_u_2: [0, 3]/[1, 1]/[2, 2]4th_row =  [3, 2]/[3, 3]Y_d_1: [0, 2]/[2, 1]Y_d_2: [1, 1]/[2, 0]                                                           
#####################################

CASE 13:
Y_u_1: [1, 3]/[2, 0]Y_u_2: [0, 3]/[1, 2]/[2, 1]4th_row =  [3, 1]/[3, 2]Y_d_1: [0, 2]Y_d_2: [0, 1]/[1, 2]/[2, 0]                                                           
Y_u_1: [1, 3]/[2, 0]Y_u_2: [0, 3]/[1, 2]/[2, 1]4th_row =  [3, 1]/[3, 2]Y_d_1: [0, 2]/[2, 0]Y_d_2: [0, 1]/[1, 2]                                                           
Y_u_1: [1, 3]/[2, 1]Y_u_2: [0, 3]/[1, 2]/[2, 0]4th_row =  [3, 1]/[3, 2]Y_d_1: [0, 2]Y_d_2: [0, 1]/[1, 2]/[2, 0]                                                           
Y_u_1: [1, 3]/[2, 1]Y_u_2: [0, 3]/[1, 2]/[2, 0]4th_row =  [3, 1]/[3, 2]Y_d_1: [0, 2]/[2, 0]Y_d_2: [0, 1]/[1, 2]                                                           
#####################################

CASE 14:
Y_u_1: [1, 1]/[2, 2]Y_u_2: [0, 3]/[1, 2]/[2, 0]4th_row =  [3, 1]/[3, 3]Y_d_1: [1, 1]/[2, 0]Y_d_2: [0, 2]/[2, 1]                                                           
Y_u_1: [1, 1]/[2, 2]Y_u_2: [0, 3]/[1, 2]/[2, 0]4th_row =  [3, 1]/[3, 3]Y_d_1: [0, 2]/[1, 1]/[2, 0]Y_d_2: [2, 1]                                                           
Y_u_1: [1, 2]/[2, 0]Y_u_2: [0, 3]/[1, 1]/[2, 2]4th_row =  [3, 1]/[3, 3]Y_d_1: [2, 1]Y_d_2: [0, 2]/[1, 1]/[2, 0]                                                           
Y_u_1: [1, 2]/[2, 0]Y_u_2: [0, 3]/[1, 1]/[2, 2]4th_row =  [3, 1]/[3, 3]Y_d_1: [0, 2]/[2, 1]Y_d_2: [1, 1]/[2, 0]                                                           
#####################################

CASE 15:
Y_u_1: [0, 2]/[1, 3]/[2, 0]Y_u_2: [0, 3]/[1, 1]/[2, 2]4th_row =  [3, 1]Y_d_1: [0, 2]/[1, 1]Y_d_2: [1, 2]/[2, 0]                                                           
#####################################

CASE 16:
Y_u_1: [2, 3]Y_u_2: [0, 3]/[1, 2]/[2, 1]4th_row =  [3, 0]/[3, 1]/[3, 2]Y_d_1: [0, 2]Y_d_2: [0, 1]/[1, 0]/[2, 2]                                                           
Y_u_1: [2, 3]Y_u_2: [0, 3]/[1, 2]/[2, 1]4th_row =  [3, 0]/[3, 1]/[3, 2]Y_d_1: [0, 2]/[1, 0]Y_d_2: [0, 1]/[2, 2]                                                           
Y_u_1: [0, 3]/[2, 1]Y_u_2: [1, 2]/[2, 3]4th_row =  [3, 0]/[3, 1]/[3, 2]Y_d_1: [0, 1]/[2, 2]Y_d_2: [0, 2]/[1, 0]                                                           
Y_u_1: [0, 3]/[2, 1]Y_u_2: [1, 2]/[2, 3]4th_row =  [3, 0]/[3, 1]/[3, 2]Y_d_1: [0, 1]/[1, 0]/[2, 2]Y_d_2: [0, 2]                                                           
#####################################

CASE 17:
Y_u_1: [1, 1]/[2, 2]Y_u_2: [0, 3]/[1, 2]/[2, 0]4th_row =  [3, 1]/[3, 3]Y_d_1: [1, 1]Y_d_2: [0, 2]/[1, 0]/[2, 1]                                                           
Y_u_1: [1, 1]/[2, 2]Y_u_2: [0, 3]/[1, 2]/[2, 0]4th_row =  [3, 1]/[3, 3]Y_d_1: [0, 2]/[1, 1]Y_d_2: [1, 0]/[2, 1]                                                           
Y_u_1: [1, 2]/[2, 0]Y_u_2: [0, 3]/[1, 1]/[2, 2]4th_row =  [3, 1]/[3, 3]Y_d_1: [1, 0]/[2, 1]Y_d_2: [0, 2]/[1, 1]                                                           
Y_u_1: [1, 2]/[2, 0]Y_u_2: [0, 3]/[1, 1]/[2, 2]4th_row =  [3, 1]/[3, 3]Y_d_1: [0, 2]/[1, 0]/[2, 1]Y_d_2: [1, 1]                                                           
#####################################

CASE 18:
Y_u_1: [0, 2]/[1, 3]/[2, 0]Y_u_2: [0, 3]/[1, 1]/[2, 2]4th_row =  [3, 1]Y_d_1: [1, 1]/[2, 2]Y_d_2: [0, 2]/[2, 0]                                                           
#####################################

CASE 19:
Y_u_1: [2, 3]Y_u_2: [0, 3]/[1, 2]/[2, 1]4th_row =  [3, 0]/[3, 2]/[3, 3]Y_d_1: [0, 2]/[2, 0]Y_d_2: [1, 1]/[2, 2]                                                           
Y_u_1: [2, 3]Y_u_2: [0, 3]/[1, 2]/[2, 1]4th_row =  [3, 0]/[3, 2]/[3, 3]Y_d_1: [0, 2]/[1, 1]/[2, 0]Y_d_2: [2, 2]                                                           
Y_u_1: [0, 3]/[2, 1]Y_u_2: [1, 2]/[2, 3]4th_row =  [3, 0]/[3, 2]/[3, 3]Y_d_1: [2, 2]Y_d_2: [0, 2]/[1, 1]/[2, 0]                                                           
Y_u_1: [0, 3]/[2, 1]Y_u_2: [1, 2]/[2, 3]4th_row =  [3, 0]/[3, 2]/[3, 3]Y_d_1: [1, 1]/[2, 2]Y_d_2: [0, 2]/[2, 0]                                                           
#####################################

CASE 20:
Y_u_1: [0, 3]/[2, 1]Y_u_2: [1, 2]/[2, 3]4th_row =  [3, 0]/[3, 1]/[3, 2]Y_d_1: [0, 2]/[1, 1]Y_d_2: [1, 2]/[2, 0]                                                           
#####################################

CASE 21:
Y_u_1: [1, 3]/[2, 2]Y_u_2: [0, 3]/[1, 2]/[2, 1]4th_row =  [3, 0]/[3, 2]Y_d_1: [0, 2]/[2, 0]Y_d_2: [0, 1]/[1, 2]                                                           
#####################################

CASE 22:
Y_u_1: [1, 3]/[2, 2]Y_u_2: [0, 3]/[1, 2]/[2, 1]4th_row =  [3, 0]/[3, 1]Y_d_1: [1, 1]/[2, 0]Y_d_2: [0, 2]/[2, 1]                                                           
#####################################

CASE 23:
Y_u_1: [2, 3]Y_u_2: [0, 3]/[1, 2]/[2, 1]4th_row =  [3, 0]/[3, 2]/[3, 3]Y_d_1: [0, 2]Y_d_2: [0, 1]/[1, 0]/[2, 2]                                                           
Y_u_1: [2, 3]Y_u_2: [0, 3]/[1, 2]/[2, 1]4th_row =  [3, 0]/[3, 2]/[3, 3]Y_d_1: [0, 2]/[1, 0]Y_d_2: [0, 1]/[2, 2]                                                           
Y_u_1: [0, 3]/[2, 1]Y_u_2: [1, 2]/[2, 3]4th_row =  [3, 0]/[3, 2]/[3, 3]Y_d_1: [0, 1]/[2, 2]Y_d_2: [0, 2]/[1, 0]                                                           
Y_u_1: [0, 3]/[2, 1]Y_u_2: [1, 2]/[2, 3]4th_row =  [3, 0]/[3, 2]/[3, 3]Y_d_1: [0, 1]/[1, 0]/[2, 2]Y_d_2: [0, 2]                                                           
#####################################

CASE 24:
Y_u_1: [1, 3]/[2, 2]Y_u_2: [0, 3]/[1, 2]/[2, 1]4th_row =  [3, 0]/[3, 2]Y_d_1: [1, 1]/[2, 0]Y_d_2: [0, 2]/[2, 1]                                                           
#####################################

CASE 25:
Y_u_1: [1, 3]/[2, 2]Y_u_2: [0, 3]/[1, 2]/[2, 1]4th_row =  [3, 0]/[3, 3]Y_d_1: [0, 2]/[2, 0]Y_d_2: [0, 1]/[1, 2]                                                           
#####################################

CASE 26:
Y_u_1: [0, 3]/[2, 1]Y_u_2: [1, 2]/[2, 3]4th_row =  [3, 0](2)/[3, 2](1)/[3, 3](3)Y_d_1: [0, 2]/[1, 1]Y_d_2: [1, 2]/[2, 0]                                                  
Y_u_1: [0, 3]/[2, 1]Y_u_2: [1, 2]/[2, 3]4th_row =  [3, 0](2)/[3, 2](3)/[3, 3](1)Y_d_1: [0, 2]/[1, 1]Y_d_2: [1, 2]/[2, 0]                                                  
#####################################

CASE 27:
Y_u_1: [1, 3]/[2, 2]Y_u_2: [0, 3]/[1, 2]/[2, 1]4th_row =  [3, 0]/[3, 3]Y_d_1: [1, 1]/[2, 0]Y_d_2: [0, 2]/[2, 1]                                                           
#####################################

CASE 28:
Y_u_1: [1, 3]/[2, 0]Y_u_2: [0, 3]/[1, 2]/[2, 1]4th_row =  [3, 1]/[3, 3]Y_d_1: [0, 2]Y_d_2: [0, 1]/[1, 2]/[2, 0]                                                           
Y_u_1: [1, 3]/[2, 0]Y_u_2: [0, 3]/[1, 2]/[2, 1]4th_row =  [3, 1]/[3, 3]Y_d_1: [0, 2]/[2, 0]Y_d_2: [0, 1]/[1, 2]                                                           
Y_u_1: [1, 3]/[2, 1]Y_u_2: [0, 3]/[1, 2]/[2, 0]4th_row =  [3, 1]/[3, 3]Y_d_1: [0, 2]Y_d_2: [0, 1]/[1, 2]/[2, 0]                                                           
Y_u_1: [1, 3]/[2, 1]Y_u_2: [0, 3]/[1, 2]/[2, 0]4th_row =  [3, 1]/[3, 3]Y_d_1: [0, 2]/[2, 0]Y_d_2: [0, 1]/[1, 2]                                                           
#####################################

CASE 29:
Y_u_1: [1, 3]/[2, 0]Y_u_2: [0, 3]/[1, 2]/[2, 1]4th_row =  [3, 1](1)/[3, 2](2)/[3, 3](3)Y_d_1: [1, 1]Y_d_2: [0, 2]/[2, 0]                                                  
Y_u_1: [1, 3]/[2, 0]Y_u_2: [0, 3]/[1, 2]/[2, 1]4th_row =  [3, 1](1)/[3, 2](2)/[3, 3](3)Y_d_1: [1, 1]/[2, 0]Y_d_2: [0, 2]                                                  
Y_u_1: [1, 3]/[2, 1]Y_u_2: [0, 3]/[1, 2]/[2, 0]4th_row =  [3, 1](1)/[3, 2](2)/[3, 3](3)Y_d_1: [1, 1]Y_d_2: [0, 2]/[2, 0]                                                  
Y_u_1: [1, 3]/[2, 1]Y_u_2: [0, 3]/[1, 2]/[2, 0]4th_row =  [3, 1](1)/[3, 2](2)/[3, 3](3)Y_d_1: [1, 1]/[2, 0]Y_d_2: [0, 2]                                                  
Y_u_1: [1, 3]/[2, 1]Y_u_2: [0, 3]/[1, 2]/[2, 0]4th_row =  [3, 1](2)/[3, 2](1)/[3, 3](3)Y_d_1: [1, 1]Y_d_2: [0, 2]/[2, 0]                                                  
Y_u_1: [1, 3]/[2, 1]Y_u_2: [0, 3]/[1, 2]/[2, 0]4th_row =  [3, 1](2)/[3, 2](1)/[3, 3](3)Y_d_1: [1, 1]/[2, 0]Y_d_2: [0, 2]                                                  
#####################################

CASE 30:
Y_u_1: [1, 1]/[2, 2]Y_u_2: [0, 3]/[1, 2]/[2, 0]4th_row =  [3, 1](1)/[3, 2](2)/[3, 3](3)Y_d_1: [2, 0]Y_d_2: [0, 2]/[1, 1]                                                  
Y_u_1: [1, 1]/[2, 2]Y_u_2: [0, 3]/[1, 2]/[2, 0]4th_row =  [3, 1](1)/[3, 2](2)/[3, 3](3)Y_d_1: [0, 2]/[2, 0]Y_d_2: [1, 1]                                                  
Y_u_1: [1, 1]/[2, 2]Y_u_2: [0, 3]/[1, 2]/[2, 0]4th_row =  [3, 1](2)/[3, 2](3)/[3, 3](1)Y_d_1: [2, 0]Y_d_2: [0, 2]/[1, 1]                                                  
Y_u_1: [1, 1]/[2, 2]Y_u_2: [0, 3]/[1, 2]/[2, 0]4th_row =  [3, 1](2)/[3, 2](3)/[3, 3](1)Y_d_1: [0, 2]/[2, 0]Y_d_2: [1, 1]                                                  
Y_u_1: [1, 2]/[2, 0]Y_u_2: [0, 3]/[1, 1]/[2, 2]4th_row =  [3, 1](2)/[3, 2](3)/[3, 3](1)Y_d_1: [1, 1]Y_d_2: [0, 2]/[2, 0]                                                  
Y_u_1: [1, 2]/[2, 0]Y_u_2: [0, 3]/[1, 1]/[2, 2]4th_row =  [3, 1](2)/[3, 2](3)/[3, 3](1)Y_d_1: [0, 2]/[1, 1]Y_d_2: [2, 0]                                                  
#####################################


THERE ARE IN TOTAL 30 MAXIMALLY RESTRICTIVE PAIRS OF TEXTURE ZEROS REALIZABLE WITH 2HDM + ABELIAN SYMMETRY (AFTER MINUIT). 

