LIST OF MAXIMALLY RESTRICTIVE PAIRS OF TEXTURE ZEROS (BEFORE MINUIT):

PAIRS WITH (12,4) TEXTURE ZEROS FOR (M_u, M_d):

M_u:
[[0. 0. 0. 0.]
 [0. 0. 0. 1.]
 [0. 0. 1. 0.]
 [0. 1. 0. 1.]]
M_d:
[[0. 0. 1.]
 [0. 1. 1.]
 [0. 1. 1.]]

M_u:
[[0. 0. 0. 0.]
 [0. 0. 0. 1.]
 [0. 0. 1. 0.]
 [0. 1. 0. 1.]]
M_d:
[[0. 1. 1.]
 [0. 0. 1.]
 [0. 1. 1.]]

M_u:
[[0. 0. 0. 0.]
 [0. 0. 0. 1.]
 [0. 0. 1. 0.]
 [0. 1. 0. 1.]]
M_d:
[[0. 1. 1.]
 [0. 1. 1.]
 [0. 0. 1.]]

M_u:
[[0. 0. 0. 0.]
 [0. 0. 0. 1.]
 [0. 1. 1. 0.]
 [0. 0. 1. 0.]]
M_d:
[[0. 0. 1.]
 [0. 1. 1.]
 [0. 1. 1.]]

M_u:
[[0. 0. 0. 0.]
 [0. 0. 0. 1.]
 [0. 1. 1. 0.]
 [0. 0. 1. 0.]]
M_d:
[[0. 1. 1.]
 [0. 0. 1.]
 [0. 1. 1.]]

M_u:
[[0. 0. 0. 0.]
 [0. 0. 0. 1.]
 [0. 1. 1. 0.]
 [0. 0. 1. 0.]]
M_d:
[[0. 1. 1.]
 [0. 1. 1.]
 [0. 0. 1.]]

THERE ARE 6 PAIRS WITH (12,4) TEXTURE ZEROS

PAIRS WITH (11,5) TEXTURE ZEROS FOR (M_u, M_d):

M_u:
[[0. 0. 0. 0.]
 [0. 0. 0. 1.]
 [0. 0. 1. 0.]
 [0. 1. 1. 1.]]
M_d:
[[0. 0. 1.]
 [0. 0. 1.]
 [0. 1. 1.]]

M_u:
[[0. 0. 0. 0.]
 [0. 0. 0. 1.]
 [0. 0. 1. 0.]
 [0. 1. 1. 1.]]
M_d:
[[0. 0. 1.]
 [0. 1. 0.]
 [0. 1. 1.]]

M_u:
[[0. 0. 0. 0.]
 [0. 0. 0. 1.]
 [0. 0. 1. 0.]
 [0. 1. 1. 1.]]
M_d:
[[0. 1. 1.]
 [0. 0. 1.]
 [0. 1. 0.]]

M_u:
[[0. 0. 0. 0.]
 [0. 0. 0. 1.]
 [0. 0. 1. 1.]
 [0. 1. 0. 1.]]
M_d:
[[0. 0. 1.]
 [0. 0. 1.]
 [0. 1. 1.]]

M_u:
[[0. 0. 0. 0.]
 [0. 0. 0. 1.]
 [0. 0. 1. 1.]
 [0. 1. 0. 1.]]
M_d:
[[0. 0. 1.]
 [0. 1. 0.]
 [0. 1. 1.]]

M_u:
[[0. 0. 0. 0.]
 [0. 0. 0. 1.]
 [0. 0. 1. 1.]
 [0. 1. 0. 1.]]
M_d:
[[0. 0. 1.]
 [0. 1. 1.]
 [0. 0. 1.]]

M_u:
[[0. 0. 0. 0.]
 [0. 0. 0. 1.]
 [0. 0. 1. 1.]
 [0. 1. 0. 1.]]
M_d:
[[0. 0. 1.]
 [0. 1. 1.]
 [0. 1. 0.]]

M_u:
[[0. 0. 0. 0.]
 [0. 0. 0. 1.]
 [0. 0. 1. 1.]
 [0. 1. 0. 1.]]
M_d:
[[0. 1. 1.]
 [0. 0. 1.]
 [0. 1. 0.]]

M_u:
[[0. 0. 0. 0.]
 [0. 0. 0. 1.]
 [0. 0. 1. 1.]
 [0. 1. 1. 0.]]
M_d:
[[0. 0. 1.]
 [0. 0. 1.]
 [0. 1. 1.]]

M_u:
[[0. 0. 0. 0.]
 [0. 0. 0. 1.]
 [0. 0. 1. 1.]
 [0. 1. 1. 0.]]
M_d:
[[0. 0. 1.]
 [0. 1. 0.]
 [0. 1. 1.]]

M_u:
[[0. 0. 0. 0.]
 [0. 0. 0. 1.]
 [0. 0. 1. 1.]
 [0. 1. 1. 0.]]
M_d:
[[0. 0. 1.]
 [0. 1. 1.]
 [0. 0. 1.]]

M_u:
[[0. 0. 0. 0.]
 [0. 0. 0. 1.]
 [0. 0. 1. 1.]
 [0. 1. 1. 0.]]
M_d:
[[0. 0. 1.]
 [0. 1. 1.]
 [0. 1. 0.]]

M_u:
[[0. 0. 0. 0.]
 [0. 0. 0. 1.]
 [0. 0. 1. 1.]
 [0. 1. 1. 0.]]
M_d:
[[0. 1. 1.]
 [0. 0. 1.]
 [0. 1. 0.]]

M_u:
[[0. 0. 0. 0.]
 [0. 0. 0. 1.]
 [0. 1. 1. 0.]
 [0. 0. 1. 1.]]
M_d:
[[0. 0. 1.]
 [0. 0. 1.]
 [0. 1. 1.]]

M_u:
[[0. 0. 0. 0.]
 [0. 0. 0. 1.]
 [0. 1. 1. 0.]
 [0. 0. 1. 1.]]
M_d:
[[0. 0. 1.]
 [0. 1. 0.]
 [0. 1. 1.]]

M_u:
[[0. 0. 0. 0.]
 [0. 0. 0. 1.]
 [0. 1. 1. 0.]
 [0. 0. 1. 1.]]
M_d:
[[0. 0. 1.]
 [0. 1. 1.]
 [0. 0. 1.]]

M_u:
[[0. 0. 0. 0.]
 [0. 0. 0. 1.]
 [0. 1. 1. 0.]
 [0. 0. 1. 1.]]
M_d:
[[0. 0. 1.]
 [0. 1. 1.]
 [0. 1. 0.]]

M_u:
[[0. 0. 0. 0.]
 [0. 0. 0. 1.]
 [0. 1. 1. 0.]
 [0. 0. 1. 1.]]
M_d:
[[0. 1. 1.]
 [0. 0. 1.]
 [0. 1. 0.]]

M_u:
[[0. 0. 0. 0.]
 [0. 0. 0. 1.]
 [0. 1. 1. 1.]
 [0. 0. 1. 0.]]
M_d:
[[0. 0. 1.]
 [0. 0. 1.]
 [0. 1. 1.]]

M_u:
[[0. 0. 0. 0.]
 [0. 0. 0. 1.]
 [0. 1. 1. 1.]
 [0. 0. 1. 0.]]
M_d:
[[0. 0. 1.]
 [0. 1. 0.]
 [0. 1. 1.]]

M_u:
[[0. 0. 0. 0.]
 [0. 0. 0. 1.]
 [0. 1. 1. 1.]
 [0. 0. 1. 0.]]
M_d:
[[0. 0. 1.]
 [0. 1. 1.]
 [0. 0. 1.]]

M_u:
[[0. 0. 0. 0.]
 [0. 0. 0. 1.]
 [0. 1. 1. 1.]
 [0. 0. 1. 0.]]
M_d:
[[0. 0. 1.]
 [0. 1. 1.]
 [0. 1. 0.]]

M_u:
[[0. 0. 0. 0.]
 [0. 0. 0. 1.]
 [0. 1. 1. 1.]
 [0. 0. 1. 0.]]
M_d:
[[0. 1. 1.]
 [0. 0. 1.]
 [0. 1. 0.]]

M_u:
[[0. 0. 0. 0.]
 [0. 0. 1. 1.]
 [0. 1. 0. 1.]
 [0. 0. 0. 1.]]
M_d:
[[0. 0. 1.]
 [0. 0. 1.]
 [0. 1. 1.]]

M_u:
[[0. 0. 0. 0.]
 [0. 0. 1. 1.]
 [0. 1. 0. 1.]
 [0. 0. 0. 1.]]
M_d:
[[0. 0. 1.]
 [0. 1. 0.]
 [0. 1. 1.]]

M_u:
[[0. 0. 0. 0.]
 [0. 0. 1. 1.]
 [0. 1. 0. 1.]
 [0. 0. 0. 1.]]
M_d:
[[0. 1. 1.]
 [0. 0. 1.]
 [0. 1. 0.]]

M_u:
[[0. 0. 0. 0.]
 [0. 0. 1. 1.]
 [0. 1. 0. 1.]
 [0. 0. 1. 0.]]
M_d:
[[0. 0. 1.]
 [0. 0. 1.]
 [0. 1. 1.]]

M_u:
[[0. 0. 0. 0.]
 [0. 0. 1. 1.]
 [0. 1. 0. 1.]
 [0. 0. 1. 0.]]
M_d:
[[0. 0. 1.]
 [0. 1. 0.]
 [0. 1. 1.]]

M_u:
[[0. 0. 0. 0.]
 [0. 0. 1. 1.]
 [0. 1. 0. 1.]
 [0. 0. 1. 0.]]
M_d:
[[0. 0. 1.]
 [0. 1. 1.]
 [0. 0. 1.]]

M_u:
[[0. 0. 0. 0.]
 [0. 0. 1. 1.]
 [0. 1. 0. 1.]
 [0. 0. 1. 0.]]
M_d:
[[0. 0. 1.]
 [0. 1. 1.]
 [0. 1. 0.]]

M_u:
[[0. 0. 0. 0.]
 [0. 0. 1. 1.]
 [0. 1. 0. 1.]
 [0. 0. 1. 0.]]
M_d:
[[0. 1. 1.]
 [0. 0. 1.]
 [0. 1. 0.]]

M_u:
[[0. 0. 0. 1.]
 [0. 0. 0. 1.]
 [0. 0. 1. 0.]
 [0. 1. 0. 1.]]
M_d:
[[0. 0. 1.]
 [0. 1. 0.]
 [0. 1. 1.]]

M_u:
[[0. 0. 0. 1.]
 [0. 0. 0. 1.]
 [0. 0. 1. 0.]
 [0. 1. 0. 1.]]
M_d:
[[0. 0. 1.]
 [0. 1. 1.]
 [0. 1. 0.]]

M_u:
[[0. 0. 0. 1.]
 [0. 0. 0. 1.]
 [0. 0. 1. 0.]
 [0. 1. 1. 0.]]
M_d:
[[0. 0. 1.]
 [0. 1. 1.]
 [0. 0. 1.]]

M_u:
[[0. 0. 0. 1.]
 [0. 0. 0. 1.]
 [0. 0. 1. 0.]
 [0. 1. 1. 0.]]
M_d:
[[0. 0. 1.]
 [0. 1. 1.]
 [0. 1. 0.]]

M_u:
[[0. 0. 0. 1.]
 [0. 0. 0. 1.]
 [0. 1. 1. 0.]
 [0. 0. 1. 0.]]
M_d:
[[0. 0. 1.]
 [0. 1. 1.]
 [0. 0. 1.]]

M_u:
[[0. 0. 0. 1.]
 [0. 0. 0. 1.]
 [0. 1. 1. 0.]
 [0. 0. 1. 0.]]
M_d:
[[0. 0. 1.]
 [0. 1. 1.]
 [0. 1. 0.]]

M_u:
[[0. 0. 0. 1.]
 [0. 0. 1. 0.]
 [0. 1. 0. 1.]
 [0. 0. 0. 1.]]
M_d:
[[0. 0. 1.]
 [0. 0. 1.]
 [0. 1. 1.]]

M_u:
[[0. 0. 0. 1.]
 [0. 0. 1. 0.]
 [0. 1. 0. 1.]
 [0. 0. 1. 0.]]
M_d:
[[0. 1. 1.]
 [0. 0. 1.]
 [0. 1. 0.]]

M_u:
[[0. 0. 0. 1.]
 [0. 0. 1. 0.]
 [0. 1. 0. 1.]
 [0. 1. 0. 0.]]
M_d:
[[0. 0. 1.]
 [0. 0. 1.]
 [0. 1. 1.]]

M_u:
[[0. 0. 0. 1.]
 [0. 0. 1. 0.]
 [0. 1. 0. 1.]
 [0. 1. 0. 0.]]
M_d:
[[0. 0. 1.]
 [0. 1. 1.]
 [0. 1. 0.]]

THERE ARE 41 PAIRS WITH (11,5) TEXTURE ZEROS

PAIRS WITH (10,6) TEXTURE ZEROS FOR (M_u, M_d):

M_u:
[[0. 0. 0. 1.]
 [0. 0. 0. 1.]
 [0. 0. 1. 0.]
 [0. 1. 1. 1.]]
M_d:
[[0. 0. 0.]
 [0. 0. 1.]
 [0. 1. 1.]]

M_u:
[[0. 0. 0. 1.]
 [0. 0. 0. 1.]
 [0. 0. 1. 0.]
 [0. 1. 1. 1.]]
M_d:
[[0. 0. 0.]
 [0. 1. 1.]
 [0. 0. 1.]]

M_u:
[[0. 0. 0. 1.]
 [0. 0. 0. 1.]
 [0. 0. 1. 1.]
 [0. 1. 0. 1.]]
M_d:
[[0. 0. 0.]
 [0. 0. 1.]
 [0. 1. 1.]]

M_u:
[[0. 0. 0. 1.]
 [0. 0. 0. 1.]
 [0. 0. 1. 1.]
 [0. 1. 0. 1.]]
M_d:
[[0. 0. 0.]
 [0. 1. 1.]
 [0. 0. 1.]]

M_u:
[[0. 0. 0. 1.]
 [0. 0. 0. 1.]
 [0. 0. 1. 1.]
 [0. 1. 0. 1.]]
M_d:
[[0. 0. 1.]
 [0. 1. 0.]
 [0. 0. 1.]]

M_u:
[[0. 0. 0. 1.]
 [0. 0. 0. 1.]
 [0. 0. 1. 1.]
 [0. 1. 1. 0.]]
M_d:
[[0. 0. 0.]
 [0. 0. 1.]
 [0. 1. 1.]]

M_u:
[[0. 0. 0. 1.]
 [0. 0. 0. 1.]
 [0. 0. 1. 1.]
 [0. 1. 1. 0.]]
M_d:
[[0. 0. 0.]
 [0. 1. 1.]
 [0. 0. 1.]]

M_u:
[[0. 0. 0. 1.]
 [0. 0. 0. 1.]
 [0. 0. 1. 1.]
 [0. 1. 1. 0.]]
M_d:
[[0. 0. 1.]
 [0. 1. 0.]
 [0. 0. 1.]]

M_u:
[[0. 0. 0. 1.]
 [0. 0. 0. 1.]
 [0. 1. 1. 0.]
 [0. 0. 1. 1.]]
M_d:
[[0. 0. 0.]
 [0. 0. 1.]
 [0. 1. 1.]]

M_u:
[[0. 0. 0. 1.]
 [0. 0. 0. 1.]
 [0. 1. 1. 0.]
 [0. 0. 1. 1.]]
M_d:
[[0. 0. 0.]
 [0. 1. 1.]
 [0. 0. 1.]]

M_u:
[[0. 0. 0. 1.]
 [0. 0. 0. 1.]
 [0. 1. 1. 0.]
 [0. 0. 1. 1.]]
M_d:
[[0. 0. 1.]
 [0. 1. 0.]
 [0. 0. 1.]]

M_u:
[[0. 0. 0. 1.]
 [0. 0. 0. 1.]
 [0. 1. 1. 1.]
 [0. 0. 1. 0.]]
M_d:
[[0. 0. 0.]
 [0. 0. 1.]
 [0. 1. 1.]]

M_u:
[[0. 0. 0. 1.]
 [0. 0. 0. 1.]
 [0. 1. 1. 1.]
 [0. 0. 1. 0.]]
M_d:
[[0. 0. 0.]
 [0. 1. 1.]
 [0. 0. 1.]]

M_u:
[[0. 0. 0. 1.]
 [0. 0. 0. 1.]
 [0. 1. 1. 1.]
 [0. 0. 1. 0.]]
M_d:
[[0. 0. 1.]
 [0. 1. 0.]
 [0. 0. 1.]]

M_u:
[[0. 0. 0. 1.]
 [0. 0. 1. 0.]
 [0. 0. 1. 1.]
 [0. 1. 0. 1.]]
M_d:
[[0. 0. 0.]
 [0. 0. 1.]
 [0. 1. 1.]]

M_u:
[[0. 0. 0. 1.]
 [0. 0. 1. 0.]
 [0. 0. 1. 1.]
 [0. 1. 0. 1.]]
M_d:
[[0. 0. 0.]
 [0. 1. 1.]
 [0. 0. 1.]]

M_u:
[[0. 0. 0. 1.]
 [0. 0. 1. 0.]
 [0. 0. 1. 1.]
 [0. 1. 0. 1.]]
M_d:
[[0. 0. 1.]
 [0. 0. 0.]
 [0. 1. 1.]]

M_u:
[[0. 0. 0. 1.]
 [0. 0. 1. 0.]
 [0. 0. 1. 1.]
 [0. 1. 0. 1.]]
M_d:
[[0. 0. 1.]
 [0. 1. 1.]
 [0. 0. 0.]]

M_u:
[[0. 0. 0. 1.]
 [0. 0. 1. 0.]
 [0. 0. 1. 1.]
 [0. 1. 0. 1.]]
M_d:
[[0. 1. 1.]
 [0. 0. 0.]
 [0. 0. 1.]]

M_u:
[[0. 0. 0. 1.]
 [0. 0. 1. 0.]
 [0. 0. 1. 1.]
 [0. 1. 0. 1.]]
M_d:
[[0. 1. 1.]
 [0. 0. 1.]
 [0. 0. 0.]]

M_u:
[[0. 0. 0. 1.]
 [0. 0. 1. 0.]
 [0. 1. 0. 0.]
 [0. 1. 1. 1.]]
M_d:
[[0. 0. 0.]
 [0. 0. 1.]
 [0. 1. 1.]]

M_u:
[[0. 0. 0. 1.]
 [0. 0. 1. 0.]
 [0. 1. 0. 0.]
 [0. 1. 1. 1.]]
M_d:
[[0. 0. 1.]
 [0. 0. 1.]
 [0. 1. 0.]]

M_u:
[[0. 0. 0. 1.]
 [0. 0. 1. 0.]
 [0. 1. 0. 1.]
 [0. 0. 1. 1.]]
M_d:
[[0. 0. 0.]
 [0. 0. 1.]
 [0. 1. 1.]]

M_u:
[[0. 0. 0. 1.]
 [0. 0. 1. 0.]
 [0. 1. 0. 1.]
 [0. 0. 1. 1.]]
M_d:
[[0. 0. 0.]
 [0. 1. 1.]
 [0. 0. 1.]]

M_u:
[[0. 0. 0. 1.]
 [0. 0. 1. 0.]
 [0. 1. 0. 1.]
 [0. 0. 1. 1.]]
M_d:
[[0. 0. 1.]
 [0. 0. 0.]
 [0. 1. 1.]]

M_u:
[[0. 0. 0. 1.]
 [0. 0. 1. 0.]
 [0. 1. 0. 1.]
 [0. 0. 1. 1.]]
M_d:
[[0. 0. 1.]
 [0. 1. 0.]
 [0. 0. 1.]]

M_u:
[[0. 0. 0. 1.]
 [0. 0. 1. 0.]
 [0. 1. 0. 1.]
 [0. 0. 1. 1.]]
M_d:
[[0. 0. 1.]
 [0. 1. 0.]
 [0. 1. 0.]]

M_u:
[[0. 0. 0. 1.]
 [0. 0. 1. 0.]
 [0. 1. 0. 1.]
 [0. 0. 1. 1.]]
M_d:
[[0. 1. 1.]
 [0. 0. 0.]
 [0. 0. 1.]]

M_u:
[[0. 0. 0. 1.]
 [0. 0. 1. 0.]
 [0. 1. 0. 1.]
 [0. 1. 1. 0.]]
M_d:
[[0. 0. 0.]
 [0. 0. 1.]
 [0. 1. 1.]]

M_u:
[[0. 0. 0. 1.]
 [0. 0. 1. 0.]
 [0. 1. 0. 1.]
 [0. 1. 1. 0.]]
M_d:
[[0. 0. 0.]
 [0. 1. 1.]
 [0. 0. 1.]]

M_u:
[[0. 0. 0. 1.]
 [0. 0. 1. 0.]
 [0. 1. 0. 1.]
 [0. 1. 1. 0.]]
M_d:
[[0. 0. 1.]
 [0. 0. 0.]
 [0. 1. 1.]]

M_u:
[[0. 0. 0. 1.]
 [0. 0. 1. 0.]
 [0. 1. 0. 1.]
 [0. 1. 1. 0.]]
M_d:
[[0. 0. 1.]
 [0. 0. 1.]
 [0. 1. 0.]]

M_u:
[[0. 0. 0. 1.]
 [0. 0. 1. 0.]
 [0. 1. 0. 1.]
 [0. 1. 1. 0.]]
M_d:
[[0. 0. 1.]
 [0. 1. 0.]
 [0. 0. 1.]]

M_u:
[[0. 0. 0. 1.]
 [0. 0. 1. 0.]
 [0. 1. 0. 1.]
 [0. 1. 1. 0.]]
M_d:
[[0. 0. 1.]
 [0. 1. 1.]
 [0. 0. 0.]]

M_u:
[[0. 0. 0. 1.]
 [0. 0. 1. 0.]
 [0. 1. 0. 1.]
 [0. 1. 1. 0.]]
M_d:
[[0. 1. 1.]
 [0. 0. 0.]
 [0. 0. 1.]]

M_u:
[[0. 0. 0. 1.]
 [0. 0. 1. 0.]
 [0. 1. 0. 1.]
 [0. 1. 1. 0.]]
M_d:
[[0. 1. 1.]
 [0. 0. 1.]
 [0. 0. 0.]]

M_u:
[[0. 0. 0. 1.]
 [0. 0. 1. 0.]
 [0. 1. 1. 1.]
 [0. 1. 0. 0.]]
M_d:
[[0. 0. 0.]
 [0. 0. 1.]
 [0. 1. 1.]]

M_u:
[[0. 0. 0. 1.]
 [0. 0. 1. 0.]
 [0. 1. 1. 1.]
 [0. 1. 0. 0.]]
M_d:
[[0. 0. 0.]
 [0. 1. 1.]
 [0. 0. 1.]]

M_u:
[[0. 0. 0. 1.]
 [0. 0. 1. 0.]
 [0. 1. 1. 1.]
 [0. 1. 0. 0.]]
M_d:
[[0. 0. 1.]
 [0. 0. 1.]
 [0. 1. 0.]]

M_u:
[[0. 0. 0. 1.]
 [0. 0. 1. 0.]
 [0. 1. 1. 1.]
 [0. 1. 0. 0.]]
M_d:
[[0. 0. 1.]
 [0. 1. 1.]
 [0. 0. 0.]]

M_u:
[[0. 0. 0. 1.]
 [0. 0. 1. 1.]
 [0. 1. 0. 1.]
 [0. 0. 1. 0.]]
M_d:
[[0. 0. 0.]
 [0. 0. 1.]
 [0. 1. 1.]]

M_u:
[[0. 0. 0. 1.]
 [0. 0. 1. 1.]
 [0. 1. 0. 1.]
 [0. 0. 1. 0.]]
M_d:
[[0. 0. 0.]
 [0. 1. 1.]
 [0. 0. 1.]]

M_u:
[[0. 0. 0. 1.]
 [0. 0. 1. 1.]
 [0. 1. 0. 1.]
 [0. 0. 1. 0.]]
M_d:
[[0. 0. 1.]
 [0. 0. 0.]
 [0. 1. 1.]]

M_u:
[[0. 0. 0. 1.]
 [0. 0. 1. 1.]
 [0. 1. 0. 1.]
 [0. 0. 1. 0.]]
M_d:
[[0. 0. 1.]
 [0. 1. 0.]
 [0. 0. 1.]]

M_u:
[[0. 0. 0. 1.]
 [0. 0. 1. 1.]
 [0. 1. 0. 1.]
 [0. 0. 1. 0.]]
M_d:
[[0. 0. 1.]
 [0. 1. 0.]
 [0. 1. 0.]]

M_u:
[[0. 0. 0. 1.]
 [0. 0. 1. 1.]
 [0. 1. 0. 1.]
 [0. 0. 1. 0.]]
M_d:
[[0. 1. 1.]
 [0. 0. 0.]
 [0. 0. 1.]]

M_u:
[[0. 0. 0. 1.]
 [0. 0. 1. 1.]
 [0. 1. 1. 0.]
 [0. 0. 1. 0.]]
M_d:
[[0. 0. 0.]
 [0. 0. 1.]
 [0. 1. 1.]]

M_u:
[[0. 0. 0. 1.]
 [0. 0. 1. 1.]
 [0. 1. 1. 0.]
 [0. 0. 1. 0.]]
M_d:
[[0. 0. 0.]
 [0. 1. 1.]
 [0. 0. 1.]]

M_u:
[[0. 0. 0. 1.]
 [0. 0. 1. 1.]
 [0. 1. 1. 0.]
 [0. 0. 1. 0.]]
M_d:
[[0. 0. 1.]
 [0. 0. 0.]
 [0. 1. 1.]]

M_u:
[[0. 0. 0. 1.]
 [0. 0. 1. 1.]
 [0. 1. 1. 0.]
 [0. 0. 1. 0.]]
M_d:
[[0. 0. 1.]
 [0. 1. 0.]
 [0. 0. 1.]]

M_u:
[[0. 0. 0. 1.]
 [0. 0. 1. 1.]
 [0. 1. 1. 0.]
 [0. 0. 1. 0.]]
M_d:
[[0. 0. 1.]
 [0. 1. 0.]
 [0. 1. 0.]]

M_u:
[[0. 0. 0. 1.]
 [0. 0. 1. 1.]
 [0. 1. 1. 0.]
 [0. 0. 1. 0.]]
M_d:
[[0. 1. 1.]
 [0. 0. 0.]
 [0. 0. 1.]]

M_u:
[[0. 0. 0. 1.]
 [0. 0. 1. 1.]
 [0. 1. 1. 0.]
 [0. 1. 0. 0.]]
M_d:
[[0. 0. 0.]
 [0. 0. 1.]
 [0. 1. 1.]]

M_u:
[[0. 0. 0. 1.]
 [0. 0. 1. 1.]
 [0. 1. 1. 0.]
 [0. 1. 0. 0.]]
M_d:
[[0. 0. 0.]
 [0. 1. 1.]
 [0. 0. 1.]]

M_u:
[[0. 0. 0. 1.]
 [0. 0. 1. 1.]
 [0. 1. 1. 0.]
 [0. 1. 0. 0.]]
M_d:
[[0. 0. 1.]
 [0. 0. 0.]
 [0. 1. 1.]]

M_u:
[[0. 0. 0. 1.]
 [0. 0. 1. 1.]
 [0. 1. 1. 0.]
 [0. 1. 0. 0.]]
M_d:
[[0. 0. 1.]
 [0. 0. 1.]
 [0. 1. 0.]]

M_u:
[[0. 0. 0. 1.]
 [0. 0. 1. 1.]
 [0. 1. 1. 0.]
 [0. 1. 0. 0.]]
M_d:
[[0. 0. 1.]
 [0. 1. 0.]
 [0. 0. 1.]]

M_u:
[[0. 0. 0. 1.]
 [0. 0. 1. 1.]
 [0. 1. 1. 0.]
 [0. 1. 0. 0.]]
M_d:
[[0. 0. 1.]
 [0. 1. 0.]
 [0. 1. 0.]]

M_u:
[[0. 0. 0. 1.]
 [0. 0. 1. 1.]
 [0. 1. 1. 0.]
 [0. 1. 0. 0.]]
M_d:
[[0. 0. 1.]
 [0. 1. 1.]
 [0. 0. 0.]]

M_u:
[[0. 0. 0. 1.]
 [0. 0. 1. 1.]
 [0. 1. 1. 0.]
 [0. 1. 0. 0.]]
M_d:
[[0. 1. 1.]
 [0. 0. 0.]
 [0. 0. 1.]]

M_u:
[[0. 0. 0. 1.]
 [0. 0. 1. 1.]
 [0. 1. 1. 0.]
 [0. 1. 0. 0.]]
M_d:
[[0. 1. 1.]
 [0. 0. 1.]
 [0. 0. 0.]]

THERE ARE 61 PAIRS WITH (10,6) TEXTURE ZEROS

PAIRS WITH (9,7) TEXTURE ZEROS FOR (M_u, M_d):

M_u:
[[0. 0. 0. 1.]
 [0. 0. 1. 0.]
 [0. 0. 1. 1.]
 [0. 1. 1. 1.]]
M_d:
[[0. 0. 0.]
 [0. 0. 1.]
 [0. 1. 0.]]

M_u:
[[0. 0. 0. 1.]
 [0. 0. 1. 0.]
 [0. 0. 1. 1.]
 [0. 1. 1. 1.]]
M_d:
[[0. 0. 1.]
 [0. 1. 0.]
 [0. 0. 0.]]

M_u:
[[0. 0. 0. 1.]
 [0. 0. 1. 0.]
 [0. 1. 0. 1.]
 [0. 1. 1. 1.]]
M_d:
[[0. 0. 0.]
 [0. 0. 1.]
 [0. 1. 0.]]

M_u:
[[0. 0. 0. 1.]
 [0. 0. 1. 0.]
 [0. 1. 0. 1.]
 [0. 1. 1. 1.]]
M_d:
[[0. 0. 1.]
 [0. 0. 0.]
 [0. 1. 0.]]

M_u:
[[0. 0. 0. 1.]
 [0. 0. 1. 0.]
 [0. 1. 0. 1.]
 [0. 1. 1. 1.]]
M_d:
[[0. 0. 1.]
 [0. 1. 0.]
 [0. 0. 0.]]

M_u:
[[0. 0. 0. 1.]
 [0. 0. 1. 0.]
 [0. 1. 1. 1.]
 [0. 1. 0. 1.]]
M_d:
[[0. 0. 1.]
 [0. 0. 0.]
 [0. 1. 0.]]

M_u:
[[0. 0. 0. 1.]
 [0. 0. 1. 1.]
 [0. 0. 1. 1.]
 [0. 1. 0. 1.]]
M_d:
[[0. 0. 0.]
 [0. 0. 1.]
 [0. 1. 0.]]

M_u:
[[0. 0. 0. 1.]
 [0. 0. 1. 1.]
 [0. 0. 1. 1.]
 [0. 1. 0. 1.]]
M_d:
[[0. 0. 1.]
 [0. 0. 0.]
 [0. 1. 0.]]

M_u:
[[0. 0. 0. 1.]
 [0. 0. 1. 1.]
 [0. 0. 1. 1.]
 [0. 1. 1. 0.]]
M_d:
[[0. 0. 0.]
 [0. 0. 1.]
 [0. 1. 0.]]

M_u:
[[0. 0. 0. 1.]
 [0. 0. 1. 1.]
 [0. 0. 1. 1.]
 [0. 1. 1. 0.]]
M_d:
[[0. 0. 1.]
 [0. 0. 0.]
 [0. 1. 0.]]

M_u:
[[0. 0. 0. 1.]
 [0. 0. 1. 1.]
 [0. 1. 0. 1.]
 [0. 1. 1. 0.]]
M_d:
[[0. 0. 0.]
 [0. 0. 1.]
 [0. 1. 0.]]

M_u:
[[0. 0. 0. 1.]
 [0. 0. 1. 1.]
 [0. 1. 0. 1.]
 [0. 1. 1. 0.]]
M_d:
[[0. 0. 1.]
 [0. 0. 0.]
 [0. 1. 0.]]

M_u:
[[0. 0. 0. 1.]
 [0. 0. 1. 1.]
 [0. 1. 1. 0.]
 [0. 1. 0. 1.]]
M_d:
[[0. 0. 0.]
 [0. 0. 1.]
 [0. 1. 0.]]

M_u:
[[0. 0. 0. 1.]
 [0. 0. 1. 1.]
 [0. 1. 1. 0.]
 [0. 1. 0. 1.]]
M_d:
[[0. 0. 1.]
 [0. 0. 0.]
 [0. 1. 0.]]

M_u:
[[0. 0. 0. 1.]
 [0. 0. 1. 1.]
 [0. 1. 1. 0.]
 [0. 1. 0. 1.]]
M_d:
[[0. 0. 1.]
 [0. 1. 0.]
 [0. 0. 0.]]

M_u:
[[0. 0. 0. 1.]
 [0. 0. 1. 1.]
 [0. 1. 1. 0.]
 [0. 1. 1. 0.]]
M_d:
[[0. 0. 0.]
 [0. 0. 1.]
 [0. 1. 0.]]

M_u:
[[0. 0. 0. 1.]
 [0. 0. 1. 1.]
 [0. 1. 1. 0.]
 [0. 1. 1. 0.]]
M_d:
[[0. 0. 1.]
 [0. 0. 0.]
 [0. 1. 0.]]

M_u:
[[0. 0. 0. 1.]
 [0. 0. 1. 1.]
 [0. 1. 1. 1.]
 [0. 1. 0. 0.]]
M_d:
[[0. 0. 0.]
 [0. 0. 1.]
 [0. 1. 0.]]

M_u:
[[0. 0. 0. 1.]
 [0. 0. 1. 1.]
 [0. 1. 1. 1.]
 [0. 1. 0. 0.]]
M_d:
[[0. 0. 1.]
 [0. 0. 0.]
 [0. 1. 0.]]

M_u:
[[0. 0. 0. 1.]
 [0. 0. 1. 1.]
 [0. 1. 1. 1.]
 [0. 1. 0. 0.]]
M_d:
[[0. 0. 1.]
 [0. 1. 0.]
 [0. 0. 0.]]

M_u:
[[0. 0. 0. 1.]
 [0. 1. 1. 0.]
 [0. 1. 1. 0.]
 [0. 0. 1. 1.]]
M_d:
[[0. 0. 0.]
 [0. 0. 1.]
 [0. 1. 0.]]

M_u:
[[0. 0. 0. 1.]
 [0. 1. 1. 0.]
 [0. 1. 1. 0.]
 [0. 0. 1. 1.]]
M_d:
[[0. 0. 1.]
 [0. 0. 0.]
 [0. 1. 0.]]

M_u:
[[0. 0. 0. 1.]
 [0. 1. 1. 0.]
 [0. 1. 1. 1.]
 [0. 0. 1. 0.]]
M_d:
[[0. 0. 0.]
 [0. 0. 1.]
 [0. 1. 0.]]

M_u:
[[0. 0. 0. 1.]
 [0. 1. 1. 0.]
 [0. 1. 1. 1.]
 [0. 0. 1. 0.]]
M_d:
[[0. 0. 1.]
 [0. 1. 0.]
 [0. 0. 0.]]

M_u:
[[0. 0. 1. 1.]
 [0. 0. 1. 1.]
 [0. 1. 0. 1.]
 [0. 1. 0. 0.]]
M_d:
[[0. 0. 0.]
 [0. 0. 1.]
 [0. 1. 0.]]

M_u:
[[0. 0. 1. 1.]
 [0. 0. 1. 1.]
 [0. 1. 0. 1.]
 [0. 1. 0. 0.]]
M_d:
[[0. 0. 1.]
 [0. 1. 0.]
 [0. 0. 0.]]

M_u:
[[0. 0. 1. 1.]
 [0. 1. 0. 1.]
 [0. 1. 1. 0.]
 [0. 0. 0. 1.]]
M_d:
[[0. 0. 0.]
 [0. 0. 1.]
 [0. 1. 0.]]

M_u:
[[0. 0. 1. 1.]
 [0. 1. 0. 1.]
 [0. 1. 1. 0.]
 [0. 0. 0. 1.]]
M_d:
[[0. 0. 1.]
 [0. 1. 0.]
 [0. 0. 0.]]

THERE ARE 28 PAIRS WITH (9,7) TEXTURE ZEROS


THERE ARE IN TOTAL 136 MAXIMALLY RESTRICTIVE PAIRS OF TEXTURE ZEROS (BEFORE MINUIT). 
