LIST OF MAXIMALLY RESTRICTIVE PAIRS OF TEXTURE ZEROS REALIZABLE WITH 2HDM + ABELIAN SYMMETRY (AFTER MINUIT):

LABELS FOR THE 4TH ROW:

1 -> BARE MASS TERM
2 -> COUPLINGS TO SINGLET SCALAR S
3 -> COUPLINGS TO CONJUNGATE SINGLET SCALAR S*

CASE 1:
M_u:
[[0 0 0 1]
 [0 0 1 0]
 [0 1 0 1]
 [1 1 0 0]]
M_d:
[[0 1 1]
 [1 0 1]
 [0 1 0]]

POSSIBLE DECOMPOSITIONS:

Y_u_1:
[[0. 0. 0. 1.]
 [0. 0. 0. 0.]
 [0. 1. 0. 0.]]

Y_u_2:
[[0. 0. 0. 0.]
 [0. 0. 1. 0.]
 [0. 0. 0. 1.]]

fourth_row_u:
[[1. 2. 0. 0.]]

Y_d_1:
[[0. 0. 1.]
 [1. 0. 0.]
 [0. 1. 0.]]

Y_d_2:
[[0. 1. 0.]
 [0. 0. 1.]
 [0. 0. 0.]]

Charges:
[ 1.00000000e+00 -3.19569732e+00 -2.19569732e+00  1.00000000e+00 -1.00000000e+00 -3.19569732e+00 -1.00000000e+00  2.00000000e+00 -0.00000000e+00  1.00000000e+00 -1.00000000e+00  3.95472877e-15]

[ 1.00000000e+00  9.08841166e-01  1.90884117e+00  1.00000000e+00 -1.00000000e+00  9.08841166e-01 -1.00000000e+00  2.00000000e+00 -0.00000000e+00  1.00000000e+00 -1.00000000e+00  8.68409016e-16]

##############################################################################################################

CASE 2:
M_u:
[[0 0 0 1]
 [0 0 1 0]
 [0 1 0 1]
 [1 1 0 0]]
M_d:
[[0 1 1]
 [0 0 1]
 [1 1 0]]

POSSIBLE DECOMPOSITIONS:

Y_u_1:
[[0. 0. 0. 1.]
 [0. 0. 0. 0.]
 [0. 1. 0. 0.]]

Y_u_2:
[[0. 0. 0. 0.]
 [0. 0. 1. 0.]
 [0. 0. 0. 1.]]

fourth_row_u:
[[1. 2. 0. 0.]]

Y_d_1:
[[0. 0. 1.]
 [0. 0. 0.]
 [0. 1. 0.]]

Y_d_2:
[[0. 1. 0.]
 [0. 0. 1.]
 [1. 0. 0.]]

Charges:
[ 1.00000000e+00  3.16694957e+00  4.16694957e+00  1.00000000e+00 -1.00000000e+00  3.16694957e+00 -1.00000000e+00  2.00000000e+00  3.94178458e-16 -2.00000000e+00 -1.00000000e+00 -7.88356916e-16]

[ 1.00000000e+00 -1.63481544e+00 -6.34815435e-01  1.00000000e+00 -1.00000000e+00 -1.63481544e+00 -1.00000000e+00  2.00000000e+00 -0.00000000e+00 -2.00000000e+00 -1.00000000e+00 -8.41256547e-16]

##############################################################################################################

CASE 3:
M_u:
[[0 0 0 1]
 [0 0 1 0]
 [0 1 0 1]
 [1 0 1 0]]
M_d:
[[0 1 1]
 [0 0 1]
 [1 1 0]]

POSSIBLE DECOMPOSITIONS:

Y_u_1:
[[0. 0. 0. 1.]
 [0. 0. 0. 0.]
 [0. 1. 0. 0.]]

Y_u_2:
[[0. 0. 0. 0.]
 [0. 0. 1. 0.]
 [0. 0. 0. 1.]]

fourth_row_u:
[[1. 0. 2. 0.]]

Y_d_1:
[[0. 0. 1.]
 [0. 0. 0.]
 [0. 1. 0.]]

Y_d_2:
[[0. 1. 0.]
 [0. 0. 1.]
 [1. 0. 0.]]

Charges:
[ 1.00000000e+00  6.01705485e+00  4.01705485e+00  1.00000000e+00 -1.00000000e+00  6.01705485e+00 -1.00000000e+00  2.00000000e+00 -0.00000000e+00 -2.00000000e+00 -1.00000000e+00 -3.07663288e-15]

[ 1.         -0.30937882 -2.30937882  1.         -1.         -0.30937882 -1.          2.         -0.         -2.         -1.         -0.        ]

##############################################################################################################

CASE 4:
M_u:
[[0 0 0 1]
 [0 0 1 0]
 [0 1 0 1]
 [1 0 1 0]]
M_d:
[[0 1 1]
 [1 0 1]
 [0 1 0]]

POSSIBLE DECOMPOSITIONS:

Y_u_1:
[[0. 0. 0. 1.]
 [0. 0. 0. 0.]
 [0. 1. 0. 0.]]

Y_u_2:
[[0. 0. 0. 0.]
 [0. 0. 1. 0.]
 [0. 0. 0. 1.]]

fourth_row_u:
[[1. 0. 2. 0.]]

Y_d_1:
[[0. 0. 1.]
 [1. 0. 0.]
 [0. 1. 0.]]

Y_d_2:
[[0. 1. 0.]
 [0. 0. 1.]
 [0. 0. 0.]]

Charges:
[ 1.00000000e+00  1.67544941e+01  1.47544941e+01  1.00000000e+00 -1.00000000e+00  1.67544941e+01 -1.00000000e+00  2.00000000e+00 -1.16953538e-15  1.00000000e+00 -1.00000000e+00 -1.55938050e-15]

[ 1.          0.40421841 -1.59578159  1.         -1.          0.40421841 -1.          2.         -0.          1.         -1.         -0.        ]

##############################################################################################################

CASE 5:
M_u:
[[0 0 0 1]
 [0 1 1 0]
 [1 0 1 0]
 [0 1 0 1]]
M_d:
[[0 0 1]
 [0 1 0]
 [1 1 0]]

POSSIBLE DECOMPOSITIONS:

Y_u_1:
[[0. 0. 0. 0.]
 [0. 1. 0. 0.]
 [0. 0. 1. 0.]]

Y_u_2:
[[0. 0. 0. 1.]
 [0. 0. 1. 0.]
 [1. 0. 0. 0.]]

fourth_row_u:
[[0. 1. 0. 2.]]

Y_d_1:
[[0. 0. 0.]
 [0. 1. 0.]
 [1. 0. 0.]]

Y_d_2:
[[0. 0. 1.]
 [0. 0. 0.]
 [0. 1. 0.]]

Charges:
[ 1.          1.16140769  0.16140769  1.16140769  2.16140769  3.16140769  1.16140769  2.16140769  1.          2.16140769  1.16140769 -1.        ]

[ 1.         -1.08254265 -2.08254265 -1.08254265 -0.08254265  0.91745735 -1.08254265 -0.08254265  1.         -0.08254265 -1.08254265 -1.        ]

##############################################################################################################

Y_u_1:
[[0. 0. 0. 0.]
 [0. 1. 0. 0.]
 [0. 0. 1. 0.]]

Y_u_2:
[[0. 0. 0. 1.]
 [0. 0. 1. 0.]
 [1. 0. 0. 0.]]

fourth_row_u:
[[0. 1. 0. 2.]]

Y_d_1:
[[0. 0. 1.]
 [0. 1. 0.]
 [1. 0. 0.]]

Y_d_2:
[[0. 0. 0.]
 [0. 0. 0.]
 [0. 1. 0.]]

Charges:
[1.00000000e+00 4.34646893e+00 3.34646893e+00 4.34646893e+00 5.34646893e+00 6.34646893e+00 4.34646893e+00 5.34646893e+00 1.00000000e+00 5.34646893e+00 4.34646893e+00 1.97396234e-15]

[ 1.00000000e+00 -6.35134648e-01 -1.63513465e+00 -6.35134648e-01  3.64865352e-01  1.36486535e+00 -6.35134648e-01  3.64865352e-01  1.00000000e+00  3.64865352e-01 -6.35134648e-01  1.75701412e-16]

##############################################################################################################

Y_u_1:
[[0. 0. 0. 0.]
 [0. 0. 1. 0.]
 [1. 0. 0. 0.]]

Y_u_2:
[[0. 0. 0. 1.]
 [0. 1. 0. 0.]
 [0. 0. 1. 0.]]

fourth_row_u:
[[0. 1. 0. 2.]]

Y_d_1:
[[0. 0. 0.]
 [0. 0. 0.]
 [0. 1. 0.]]

Y_d_2:
[[0. 0. 1.]
 [0. 1. 0.]
 [1. 0. 0.]]

Charges:
[ 1.          3.52371623  2.52371623  2.52371623  1.52371623  1.52371623  3.52371623  2.52371623  1.          0.52371623  1.52371623 -1.        ]

[ 1.          0.77533855 -0.22466145 -0.22466145 -1.22466145 -1.22466145  0.77533855 -0.22466145  1.         -2.22466145 -1.22466145 -1.        ]

##############################################################################################################

Y_u_1:
[[0. 0. 0. 0.]
 [0. 0. 1. 0.]
 [1. 0. 0. 0.]]

Y_u_2:
[[0. 0. 0. 1.]
 [0. 1. 0. 0.]
 [0. 0. 1. 0.]]

fourth_row_u:
[[0. 1. 0. 2.]]

Y_d_1:
[[0. 0. 1.]
 [0. 0. 0.]
 [0. 1. 0.]]

Y_d_2:
[[0. 0. 0.]
 [0. 1. 0.]
 [1. 0. 0.]]

Charges:
[ 1.        0.071743 -0.928257 -0.928257 -1.928257 -1.928257  0.071743 -0.928257  1.       -2.928257 -1.928257 -0.      ]

[ 1.00000000e+00  2.21405593e+00  1.21405593e+00  1.21405593e+00  2.14055926e-01  2.14055926e-01  2.21405593e+00  1.21405593e+00  1.00000000e+00 -7.85944074e-01  2.14055926e-01 -1.14375371e-16]

##############################################################################################################

CASE 6:
M_u:
[[0 0 0 1]
 [0 0 1 1]
 [0 1 1 0]
 [1 1 0 0]]
M_d:
[[0 0 1]
 [0 1 0]
 [1 1 0]]

POSSIBLE DECOMPOSITIONS:

Y_u_1:
[[0. 0. 0. 0.]
 [0. 0. 0. 1.]
 [0. 0. 1. 0.]]

Y_u_2:
[[0. 0. 0. 1.]
 [0. 0. 1. 0.]
 [0. 1. 0. 0.]]

fourth_row_u:
[[1. 2. 0. 0.]]

Y_d_1:
[[0. 0. 0.]
 [0. 1. 0.]
 [1. 0. 0.]]

Y_d_2:
[[0. 0. 1.]
 [0. 0. 0.]
 [0. 1. 0.]]

Charges:
[ 1.         -0.94840249 -3.94840249  1.          2.         -0.94840249  3.          2.          1.          2.          1.         -1.        ]

[ 1.          6.47457045  3.47457045  1.          2.          6.47457045  3.          2.          1.          2.          1.         -1.        ]

##############################################################################################################

CASE 7:
M_u:
[[0 0 0 1]
 [0 1 1 0]
 [1 0 1 0]
 [0 1 0 1]]
M_d:
[[0 0 1]
 [1 1 0]
 [0 1 0]]

POSSIBLE DECOMPOSITIONS:

Y_u_1:
[[0. 0. 0. 0.]
 [0. 1. 0. 0.]
 [0. 0. 1. 0.]]

Y_u_2:
[[0. 0. 0. 1.]
 [0. 0. 1. 0.]
 [1. 0. 0. 0.]]

fourth_row_u:
[[0. 1. 0. 2.]]

Y_d_1:
[[0. 0. 0.]
 [0. 1. 0.]
 [0. 0. 0.]]

Y_d_2:
[[0. 0. 1.]
 [1. 0. 0.]
 [0. 1. 0.]]

Charges:
[ 1.         -0.39575825 -1.39575825 -0.39575825  0.60424175  1.60424175 -0.39575825  0.60424175  1.         -1.39575825 -0.39575825 -1.        ]

[ 1.          6.53625622  5.53625622  6.53625622  7.53625622  8.53625622  6.53625622  7.53625622  1.          5.53625622  6.53625622 -1.        ]

##############################################################################################################

Y_u_1:
[[0. 0. 0. 0.]
 [0. 1. 0. 0.]
 [0. 0. 1. 0.]]

Y_u_2:
[[0. 0. 0. 1.]
 [0. 0. 1. 0.]
 [1. 0. 0. 0.]]

fourth_row_u:
[[0. 1. 0. 2.]]

Y_d_1:
[[0. 0. 1.]
 [0. 1. 0.]
 [0. 0. 0.]]

Y_d_2:
[[0. 0. 0.]
 [1. 0. 0.]
 [0. 1. 0.]]

Charges:
[ 1.00000000e+00  9.12015612e-01 -8.79843883e-02  9.12015612e-01  1.91201561e+00  2.91201561e+00  9.12015612e-01  1.91201561e+00  1.00000000e+00 -8.79843883e-02  9.12015612e-01 -2.98343606e-16]

[ 1.00000000e+00 -1.15829433e+00 -2.15829433e+00 -1.15829433e+00 -1.58294326e-01  8.41705674e-01 -1.15829433e+00 -1.58294326e-01  1.00000000e+00 -2.15829433e+00 -1.15829433e+00  1.10453112e-16]

##############################################################################################################

Y_u_1:
[[0. 0. 0. 0.]
 [0. 0. 1. 0.]
 [1. 0. 0. 0.]]

Y_u_2:
[[0. 0. 0. 1.]
 [0. 1. 0. 0.]
 [0. 0. 1. 0.]]

fourth_row_u:
[[0. 1. 0. 2.]]

Y_d_1:
[[0. 0. 0.]
 [1. 0. 0.]
 [0. 1. 0.]]

Y_d_2:
[[0. 0. 1.]
 [0. 1. 0.]
 [0. 0. 0.]]

Charges:
[ 1.          1.53106797  0.53106797  0.53106797 -0.46893203 -0.46893203  1.53106797  0.53106797  1.          0.53106797 -0.46893203 -1.        ]

[ 1.         -0.97611092 -1.97611092 -1.97611092 -2.97611092 -2.97611092 -0.97611092 -1.97611092  1.         -1.97611092 -2.97611092 -1.        ]

##############################################################################################################

Y_u_1:
[[0. 0. 0. 0.]
 [0. 0. 1. 0.]
 [1. 0. 0. 0.]]

Y_u_2:
[[0. 0. 0. 1.]
 [0. 1. 0. 0.]
 [0. 0. 1. 0.]]

fourth_row_u:
[[0. 1. 0. 2.]]

Y_d_1:
[[0. 0. 1.]
 [1. 0. 0.]
 [0. 1. 0.]]

Y_d_2:
[[0. 0. 0.]
 [0. 1. 0.]
 [0. 0. 0.]]

Charges:
[ 1.00000000e+00  2.60003579e+00  1.60003579e+00  1.60003579e+00  6.00035792e-01  6.00035792e-01  2.60003579e+00  1.60003579e+00  1.00000000e+00  1.60003579e+00  6.00035792e-01 -2.12317669e-16]

[ 1.00000000e+00  5.97027284e-01 -4.02972716e-01 -4.02972716e-01 -1.40297272e+00 -1.40297272e+00  5.97027284e-01 -4.02972716e-01  1.00000000e+00 -4.02972716e-01 -1.40297272e+00  4.80324624e-16]

##############################################################################################################

CASE 8:
M_u:
[[0 0 1 1]
 [0 1 0 1]
 [1 0 1 0]
 [0 1 0 0]]
M_d:
[[0 0 1]
 [0 1 0]
 [1 0 1]]

POSSIBLE DECOMPOSITIONS:

Y_u_1:
[[0. 0. 1. 0.]
 [0. 0. 0. 1.]
 [1. 0. 0. 0.]]

Y_u_2:
[[0. 0. 0. 1.]
 [0. 1. 0. 0.]
 [0. 0. 1. 0.]]

fourth_row_u:
[[0. 1. 0. 0.]]

Y_d_1:
[[0. 0. 0.]
 [0. 1. 0.]
 [0. 0. 1.]]

Y_d_2:
[[0. 0. 1.]
 [0. 0. 0.]
 [1. 0. 0.]]

Charges:
[ 1.00000000e+00  2.00000000e+00  3.72213222e+00  1.00000000e+00 -1.00000000e+00 -1.00000000e+00  2.00000000e+00  6.36364771e-16  1.00000000e+00 -2.00000000e+00  1.00000000e+00 -1.00000000e+00]

[ 1.          2.         -5.10460103  1.         -1.         -1.          2.         -0.          1.         -2.          1.         -1.        ]

##############################################################################################################

CASE 9:
M_u:
[[0 0 0 1]
 [0 0 1 1]
 [0 1 1 0]
 [1 1 0 0]]
M_d:
[[0 1 1]
 [0 0 1]
 [1 0 0]]

POSSIBLE DECOMPOSITIONS:

Y_u_1:
[[0. 0. 0. 0.]
 [0. 0. 0. 1.]
 [0. 0. 1. 0.]]

Y_u_2:
[[0. 0. 0. 1.]
 [0. 0. 1. 0.]
 [0. 1. 0. 0.]]

fourth_row_u:
[[1. 2. 0. 0.]]

Y_d_1:
[[0. 0. 1.]
 [0. 0. 0.]
 [1. 0. 0.]]

Y_d_2:
[[0. 1. 0.]
 [0. 0. 1.]
 [0. 0. 0.]]

Charges:
[ 1.00000000e+00 -3.34545005e+00 -6.34545005e+00  1.00000000e+00  2.00000000e+00 -3.34545005e+00  3.00000000e+00  2.00000000e+00  1.00000000e+00  2.00000000e+00 -1.00000000e+00  1.29925157e-15]

[ 1.00000000e+00  3.37796620e+00  3.77966197e-01  1.00000000e+00  2.00000000e+00  3.37796620e+00  3.00000000e+00  2.00000000e+00  1.00000000e+00  2.00000000e+00 -1.00000000e+00 -3.84448968e-16]

##############################################################################################################

CASE 10:
M_u:
[[0 0 0 1]
 [0 0 1 1]
 [1 1 0 0]
 [0 1 0 1]]
M_d:
[[0 1 1]
 [0 0 1]
 [1 0 0]]

POSSIBLE DECOMPOSITIONS:

Y_u_1:
[[0. 0. 0. 0.]
 [0. 0. 0. 1.]
 [1. 0. 0. 0.]]

Y_u_2:
[[0. 0. 0. 1.]
 [0. 0. 1. 0.]
 [0. 1. 0. 0.]]

fourth_row_u:
[[0. 1. 0. 2.]]

Y_d_1:
[[0. 0. 1.]
 [0. 0. 0.]
 [0. 0. 0.]]

Y_d_2:
[[0. 1. 0.]
 [0. 0. 1.]
 [1. 0. 0.]]

Charges:
[ 1.00000000e+00  5.17941906e-01 -4.82058094e-01  1.00000000e+00 -4.82058094e-01 -4.82058094e-01  5.17941906e-01  2.00000000e+00  1.00000000e+00 -1.48205809e+00 -1.00000000e+00 -1.87675016e-16]

[ 1.00000000e+00  6.55814193e+00  5.55814193e+00  1.00000000e+00  5.55814193e+00  5.55814193e+00  6.55814193e+00  2.00000000e+00  1.00000000e+00  4.55814193e+00 -1.00000000e+00 -3.19832061e-15]

##############################################################################################################

Y_u_1:
[[0. 0. 0. 0.]
 [0. 0. 0. 1.]
 [1. 0. 0. 0.]]

Y_u_2:
[[0. 0. 0. 1.]
 [0. 0. 1. 0.]
 [0. 1. 0. 0.]]

fourth_row_u:
[[0. 1. 0. 2.]]

Y_d_1:
[[0. 0. 1.]
 [0. 0. 0.]
 [1. 0. 0.]]

Y_d_2:
[[0. 1. 0.]
 [0. 0. 1.]
 [0. 0. 0.]]

Charges:
[ 1.00000000e+00  9.13406272e+00  8.13406272e+00  1.00000000e+00  8.13406272e+00  8.13406272e+00  9.13406272e+00  2.00000000e+00  1.00000000e+00  8.13406272e+00 -1.00000000e+00 -1.74565294e-15]

[ 1.00000000e+00  4.82955459e-01 -5.17044541e-01  1.00000000e+00 -5.17044541e-01 -5.17044541e-01  4.82955459e-01  2.00000000e+00  1.00000000e+00 -5.17044541e-01 -1.00000000e+00 -6.21394700e-16]

##############################################################################################################

Y_u_1:
[[0. 0. 0. 0.]
 [0. 0. 0. 1.]
 [0. 1. 0. 0.]]

Y_u_2:
[[0. 0. 0. 1.]
 [0. 0. 1. 0.]
 [1. 0. 0. 0.]]

fourth_row_u:
[[0. 1. 0. 2.]]

Y_d_1:
[[0. 0. 1.]
 [0. 0. 0.]
 [0. 0. 0.]]

Y_d_2:
[[0. 1. 0.]
 [0. 0. 1.]
 [1. 0. 0.]]

Charges:
[ 1.00000000e+00  5.57814559e-01 -4.42185441e-01  1.00000000e+00  5.57814559e-01  1.55781456e+00  5.57814559e-01  2.00000000e+00  1.00000000e+00 -4.42185441e-01 -1.00000000e+00  6.01802479e-15]

[ 1.00000000e+00 -4.44937650e+00 -5.44937650e+00  1.00000000e+00 -4.44937650e+00 -3.44937650e+00 -4.44937650e+00  2.00000000e+00  1.00000000e+00 -5.44937650e+00 -1.00000000e+00  1.30742826e-15]

##############################################################################################################

Y_u_1:
[[0. 0. 0. 0.]
 [0. 0. 0. 1.]
 [0. 1. 0. 0.]]

Y_u_2:
[[0. 0. 0. 1.]
 [0. 0. 1. 0.]
 [1. 0. 0. 0.]]

fourth_row_u:
[[0. 1. 0. 2.]]

Y_d_1:
[[0. 0. 1.]
 [0. 0. 0.]
 [1. 0. 0.]]

Y_d_2:
[[0. 1. 0.]
 [0. 0. 1.]
 [0. 0. 0.]]

Charges:
[ 1.00000000e+00  1.88368892e+00  8.83688919e-01  1.00000000e+00  1.88368892e+00  2.88368892e+00  1.88368892e+00  2.00000000e+00  1.00000000e+00  1.88368892e+00 -1.00000000e+00  7.76284595e-17]

[ 1.00000000e+00 -8.84788698e-01 -1.88478870e+00  1.00000000e+00 -8.84788698e-01  1.15211302e-01 -8.84788698e-01  2.00000000e+00  1.00000000e+00 -8.84788698e-01 -1.00000000e+00  1.59609014e-16]

##############################################################################################################

CASE 11:
M_u:
[[0 0 0 1]
 [0 0 1 1]
 [1 1 0 0]
 [0 1 1 0]]
M_d:
[[0 0 1]
 [0 1 1]
 [1 0 0]]

POSSIBLE DECOMPOSITIONS:

Y_u_1:
[[0. 0. 0. 0.]
 [0. 0. 0. 1.]
 [1. 0. 0. 0.]]

Y_u_2:
[[0. 0. 0. 1.]
 [0. 0. 1. 0.]
 [0. 1. 0. 0.]]

fourth_row_u:
[[0. 1. 2. 0.]]

Y_d_1:
[[0. 0. 1.]
 [0. 1. 0.]
 [0. 0. 0.]]

Y_d_2:
[[0. 0. 0.]
 [0. 0. 1.]
 [1. 0. 0.]]

Charges:
[ 1.00000000e+00  6.50927403e+00  4.50927403e+00  1.00000000e+00  5.50927403e+00  5.50927403e+00  6.50927403e+00  2.00000000e+00  1.00000000e+00  4.50927403e+00  1.00000000e+00 -1.16010783e-15]

[ 1.00000000e+00  6.36975763e-01 -1.36302424e+00  1.00000000e+00 -3.63024237e-01 -3.63024237e-01  6.36975763e-01  2.00000000e+00  1.00000000e+00 -1.36302424e+00  1.00000000e+00 -5.95592167e-16]

##############################################################################################################

Y_u_1:
[[0. 0. 0. 0.]
 [0. 0. 0. 1.]
 [1. 0. 0. 0.]]

Y_u_2:
[[0. 0. 0. 1.]
 [0. 0. 1. 0.]
 [0. 1. 0. 0.]]

fourth_row_u:
[[0. 1. 2. 0.]]

Y_d_1:
[[0. 0. 1.]
 [0. 1. 0.]
 [1. 0. 0.]]

Y_d_2:
[[0. 0. 0.]
 [0. 0. 1.]
 [0. 0. 0.]]

Charges:
[ 1.00000000e+00  6.18633552e+00  4.18633552e+00  1.00000000e+00  5.18633552e+00  5.18633552e+00  6.18633552e+00  2.00000000e+00  1.00000000e+00  5.18633552e+00  1.00000000e+00 -3.78977588e-14]

[ 1.00000000e+00  4.96035591e-01 -1.50396441e+00  1.00000000e+00 -5.03964409e-01 -5.03964409e-01  4.96035591e-01  2.00000000e+00  1.00000000e+00 -5.03964409e-01  1.00000000e+00 -3.29661480e-16]

##############################################################################################################

Y_u_1:
[[0. 0. 0. 0.]
 [0. 0. 0. 1.]
 [0. 1. 0. 0.]]

Y_u_2:
[[0. 0. 0. 1.]
 [0. 0. 1. 0.]
 [1. 0. 0. 0.]]

fourth_row_u:
[[0. 1. 2. 0.]]

Y_d_1:
[[0. 0. 1.]
 [0. 1. 0.]
 [0. 0. 0.]]

Y_d_2:
[[0. 0. 0.]
 [0. 0. 1.]
 [1. 0. 0.]]

Charges:
[1.00000000e+00 8.40201236e+00 6.40201236e+00 1.00000000e+00 8.40201236e+00 9.40201236e+00 8.40201236e+00 2.00000000e+00 1.00000000e+00 7.40201236e+00 1.00000000e+00 1.11569794e-15]

[ 1.00000000e+00  5.79199460e-02 -1.94208005e+00  1.00000000e+00  5.79199460e-02  1.05791995e+00  5.79199460e-02  2.00000000e+00  1.00000000e+00 -9.42080054e-01  1.00000000e+00  4.86334309e-16]

##############################################################################################################

Y_u_1:
[[0. 0. 0. 0.]
 [0. 0. 0. 1.]
 [0. 1. 0. 0.]]

Y_u_2:
[[0. 0. 0. 1.]
 [0. 0. 1. 0.]
 [1. 0. 0. 0.]]

fourth_row_u:
[[0. 1. 2. 0.]]

Y_d_1:
[[0. 0. 1.]
 [0. 1. 0.]
 [1. 0. 0.]]

Y_d_2:
[[0. 0. 0.]
 [0. 0. 1.]
 [0. 0. 0.]]

Charges:
[ 1.00000000e+00 -5.17100312e+00 -7.17100312e+00  1.00000000e+00 -5.17100312e+00 -4.17100312e+00 -5.17100312e+00  2.00000000e+00  1.00000000e+00 -5.17100312e+00  1.00000000e+00 -1.50506956e-15]

[ 1.00000000e+00  5.67382517e-01 -1.43261748e+00  1.00000000e+00  5.67382517e-01  1.56738252e+00  5.67382517e-01  2.00000000e+00  1.00000000e+00  5.67382517e-01  1.00000000e+00 -2.57738323e-17]

##############################################################################################################

CASE 12:
M_u:
[[0 0 0 1]
 [0 0 1 1]
 [1 1 0 0]
 [0 1 1 0]]
M_d:
[[0 1 1]
 [0 0 1]
 [1 0 0]]

POSSIBLE DECOMPOSITIONS:

Y_u_1:
[[0. 0. 0. 0.]
 [0. 0. 0. 1.]
 [1. 0. 0. 0.]]

Y_u_2:
[[0. 0. 0. 1.]
 [0. 0. 1. 0.]
 [0. 1. 0. 0.]]

fourth_row_u:
[[0. 1. 2. 0.]]

Y_d_1:
[[0. 0. 1.]
 [0. 0. 0.]
 [0. 0. 0.]]

Y_d_2:
[[0. 1. 0.]
 [0. 0. 1.]
 [1. 0. 0.]]

Charges:
[ 1.00000000e+00  5.41498189e+01  5.21498189e+01  1.00000000e+00  5.31498189e+01  5.31498189e+01  5.41498189e+01  2.00000000e+00  1.00000000e+00  5.21498189e+01 -1.00000000e+00  1.80738778e-14]

[ 1.00000000e+00  9.62370521e-01 -1.03762948e+00  1.00000000e+00 -3.76294791e-02 -3.76294791e-02  9.62370521e-01  2.00000000e+00  1.00000000e+00 -1.03762948e+00 -1.00000000e+00  1.92364328e-16]

##############################################################################################################

Y_u_1:
[[0. 0. 0. 0.]
 [0. 0. 0. 1.]
 [1. 0. 0. 0.]]

Y_u_2:
[[0. 0. 0. 1.]
 [0. 0. 1. 0.]
 [0. 1. 0. 0.]]

fourth_row_u:
[[0. 1. 2. 0.]]

Y_d_1:
[[0. 0. 1.]
 [0. 0. 0.]
 [1. 0. 0.]]

Y_d_2:
[[0. 1. 0.]
 [0. 0. 1.]
 [0. 0. 0.]]

Charges:
[ 1.          1.90357951 -0.09642049  1.          0.90357951  0.90357951  1.90357951  2.          1.          0.90357951 -1.         -0.        ]

[ 1.00000000e+00 -8.53713628e-01 -2.85371363e+00  1.00000000e+00 -1.85371363e+00 -1.85371363e+00 -8.53713628e-01  2.00000000e+00  1.00000000e+00 -1.85371363e+00 -1.00000000e+00  1.46632730e-16]

##############################################################################################################

Y_u_1:
[[0. 0. 0. 0.]
 [0. 0. 0. 1.]
 [0. 1. 0. 0.]]

Y_u_2:
[[0. 0. 0. 1.]
 [0. 0. 1. 0.]
 [1. 0. 0. 0.]]

fourth_row_u:
[[0. 1. 2. 0.]]

Y_d_1:
[[0. 0. 1.]
 [0. 0. 0.]
 [0. 0. 0.]]

Y_d_2:
[[0. 1. 0.]
 [0. 0. 1.]
 [1. 0. 0.]]

Charges:
[ 1.00000000e+00 -7.11423009e-01 -2.71142301e+00  1.00000000e+00 -7.11423009e-01  2.88576991e-01 -7.11423009e-01  2.00000000e+00  1.00000000e+00 -1.71142301e+00 -1.00000000e+00 -4.95045300e-16]

[ 1.00000000e+00  2.46035772e+00  4.60357724e-01  1.00000000e+00  2.46035772e+00  3.46035772e+00  2.46035772e+00  2.00000000e+00  1.00000000e+00  1.46035772e+00 -1.00000000e+00  8.82945060e-16]

##############################################################################################################

Y_u_1:
[[0. 0. 0. 0.]
 [0. 0. 0. 1.]
 [0. 1. 0. 0.]]

Y_u_2:
[[0. 0. 0. 1.]
 [0. 0. 1. 0.]
 [1. 0. 0. 0.]]

fourth_row_u:
[[0. 1. 2. 0.]]

Y_d_1:
[[0. 0. 1.]
 [0. 0. 0.]
 [1. 0. 0.]]

Y_d_2:
[[0. 1. 0.]
 [0. 0. 1.]
 [0. 0. 0.]]

Charges:
[ 1.00000000e+00  1.16510676e+00 -8.34893244e-01  1.00000000e+00  1.16510676e+00  2.16510676e+00  1.16510676e+00  2.00000000e+00  1.00000000e+00  1.16510676e+00 -1.00000000e+00  3.61176365e-16]

[ 1.00000000e+00 -1.97556391e+00 -3.97556391e+00  1.00000000e+00 -1.97556391e+00 -9.75563911e-01 -1.97556391e+00  2.00000000e+00  1.00000000e+00 -1.97556391e+00 -1.00000000e+00  7.05391401e-16]

##############################################################################################################

CASE 13:
M_u:
[[0 0 0 1]
 [0 0 1 0]
 [0 1 0 1]
 [1 0 1 1]]
M_d:
[[0 0 1]
 [0 1 0]
 [1 0 1]]

POSSIBLE DECOMPOSITIONS:

Y_u_1:
[[0. 0. 0. 0.]
 [0. 0. 0. 0.]
 [0. 0. 0. 1.]]

Y_u_2:
[[0. 0. 0. 1.]
 [0. 0. 1. 0.]
 [0. 1. 0. 0.]]

fourth_row_u:
[[1. 0. 2. 3.]]

Y_d_1:
[[0. 0. 1.]
 [0. 0. 0.]
 [1. 0. 0.]]

Y_d_2:
[[0. 0. 0.]
 [0. 1. 0.]
 [0. 0. 1.]]

Charges:
[ 1.00000000e+00  7.11652406e-01  2.88347594e-01 -5.76695188e-01  1.00000000e+00  7.11652406e-01  2.00000000e+00  4.23304812e-01  1.00000000e+00  1.00000000e+00 -1.57669519e+00  9.65230806e-17]

[ 1.00000000e+00  5.91279738e+00 -4.91279738e+00  9.82559477e+00  1.00000000e+00  5.91279738e+00  2.00000000e+00  1.08255948e+01  1.00000000e+00  1.00000000e+00  8.82559477e+00 -1.10142414e-15]

##############################################################################################################

Y_u_1:
[[0. 0. 0. 0.]
 [0. 0. 0. 0.]
 [0. 0. 0. 1.]]

Y_u_2:
[[0. 0. 0. 1.]
 [0. 0. 1. 0.]
 [0. 1. 0. 0.]]

fourth_row_u:
[[1. 0. 2. 3.]]

Y_d_1:
[[0. 0. 1.]
 [0. 1. 0.]
 [1. 0. 0.]]

Y_d_2:
[[0. 0. 0.]
 [0. 0. 0.]
 [0. 0. 1.]]

Charges:
[ 1.00000000e+00  1.43880529e+00 -4.38805291e-01  8.77610583e-01  1.00000000e+00  1.43880529e+00  2.00000000e+00  1.87761058e+00  1.00000000e+00  1.00000000e+00  8.77610583e-01  6.36753364e-16]

[ 1.00000000e+00 -2.05360565e-01  1.20536056e+00 -2.41072113e+00  1.00000000e+00 -2.05360565e-01  2.00000000e+00 -1.41072113e+00  1.00000000e+00  1.00000000e+00 -2.41072113e+00 -3.33864841e-17]

##############################################################################################################

Y_u_1:
[[0. 0. 0. 1.]
 [0. 0. 0. 0.]
 [0. 1. 0. 0.]]

Y_u_2:
[[0. 0. 0. 0.]
 [0. 0. 1. 0.]
 [0. 0. 0. 1.]]

fourth_row_u:
[[1. 0. 2. 3.]]

Y_d_1:
[[0. 0. 0.]
 [0. 0. 0.]
 [0. 0. 1.]]

Y_d_2:
[[0. 0. 1.]
 [0. 1. 0.]
 [1. 0. 0.]]

Charges:
[ 1.00000000e+00  5.54788842e-01 -5.54788842e-01  1.09577684e-01 -1.00000000e+00  5.54788842e-01 -1.00000000e+00  1.10957768e+00 -1.83769528e-16 -2.00000000e+00 -8.90422316e-01 -1.00000000e+00]

[  1.          -4.16535922   4.16535922  -9.33071843  -1.          -4.16535922  -1.          -8.33071843   0.          -2.         -10.33071843  -1.        ]

##############################################################################################################

Y_u_1:
[[0. 0. 0. 1.]
 [0. 0. 0. 0.]
 [0. 1. 0. 0.]]

Y_u_2:
[[0. 0. 0. 0.]
 [0. 0. 1. 0.]
 [0. 0. 0. 1.]]

fourth_row_u:
[[1. 0. 2. 3.]]

Y_d_1:
[[0. 0. 0.]
 [0. 1. 0.]
 [0. 0. 1.]]

Y_d_2:
[[0. 0. 1.]
 [0. 0. 0.]
 [1. 0. 0.]]

Charges:
[ 1.00000000e+00  5.02871488e+00 -5.02871488e+00  9.05742976e+00 -1.00000000e+00  5.02871488e+00 -1.00000000e+00  1.00574298e+01 -1.29645927e-15 -2.00000000e+00  9.05742976e+00 -1.00000000e+00]

[ 1.          0.14160377 -0.14160377 -0.71679247 -1.          0.14160377 -1.          0.28320753 -0.         -2.         -0.71679247 -1.        ]

##############################################################################################################

CASE 14:
M_u:
[[0 0 1 1]
 [0 1 0 1]
 [1 0 1 0]
 [0 1 0 0]]
M_d:
[[0 0 1]
 [0 1 1]
 [1 0 0]]

POSSIBLE DECOMPOSITIONS:

Y_u_1:
[[0. 0. 1. 0.]
 [0. 0. 0. 1.]
 [1. 0. 0. 0.]]

Y_u_2:
[[0. 0. 0. 1.]
 [0. 1. 0. 0.]
 [0. 0. 1. 0.]]

fourth_row_u:
[[0. 1. 0. 0.]]

Y_d_1:
[[0. 0. 1.]
 [0. 1. 0.]
 [0. 0. 0.]]

Y_d_2:
[[0. 0. 0.]
 [0. 0. 1.]
 [1. 0. 0.]]

Charges:
[ 1.00000000e+00  2.00000000e+00 -1.70156976e-01  1.00000000e+00 -1.00000000e+00 -1.00000000e+00  2.00000000e+00 -0.00000000e+00  1.00000000e+00 -2.00000000e+00  1.00000000e+00  6.77646721e-16]

[ 1.00000000e+00  2.00000000e+00  1.05784672e+02  1.00000000e+00 -1.00000000e+00 -1.00000000e+00  2.00000000e+00  0.00000000e+00  1.00000000e+00 -2.00000000e+00  1.00000000e+00  5.87694986e-15]

##############################################################################################################

CASE 15:
M_u:
[[0 0 0 1]
 [0 0 1 0]
 [1 1 0 0]
 [0 1 1 1]]
M_d:
[[0 0 1]
 [0 1 1]
 [1 0 0]]

POSSIBLE DECOMPOSITIONS:

Y_u_1:
[[0. 0. 0. 1.]
 [0. 0. 0. 0.]
 [1. 0. 0. 0.]]

Y_u_2:
[[0. 0. 0. 0.]
 [0. 0. 1. 0.]
 [0. 1. 0. 0.]]

fourth_row_u:
[[0. 2. 1. 3.]]

Y_d_1:
[[0. 0. 1.]
 [0. 1. 0.]
 [0. 0. 0.]]

Y_d_2:
[[0. 0. 0.]
 [0. 0. 1.]
 [1. 0. 0.]]

Charges:
[ 1.00000000e+00  2.00000000e+00 -2.00000000e+00  1.00000000e+00  3.00000000e+00  3.00000000e+00  4.00000000e+00  2.00000000e+00  0.00000000e+00  2.00000000e+00  1.00000000e+00  7.17485377e-16]

##############################################################################################################

Y_u_1:
[[0. 0. 0. 1.]
 [0. 0. 0. 0.]
 [1. 0. 0. 0.]]

Y_u_2:
[[0. 0. 0. 0.]
 [0. 0. 1. 0.]
 [0. 1. 0. 0.]]

fourth_row_u:
[[0. 2. 1. 3.]]

Y_d_1:
[[0. 0. 1.]
 [0. 1. 0.]
 [1. 0. 0.]]

Y_d_2:
[[0. 0. 0.]
 [0. 0. 1.]
 [0. 0. 0.]]

Charges:
[ 1.00000000e+00  2.00000000e+00 -2.00000000e+00  1.00000000e+00  3.00000000e+00  3.00000000e+00  4.00000000e+00  2.00000000e+00  0.00000000e+00  3.00000000e+00  1.00000000e+00  8.39325172e-16]

##############################################################################################################

Y_u_1:
[[0. 0. 0. 1.]
 [0. 0. 0. 0.]
 [1. 0. 0. 0.]]

Y_u_2:
[[0. 0. 0. 0.]
 [0. 0. 1. 0.]
 [0. 1. 0. 0.]]

fourth_row_u:
[[0. 2. 3. 1.]]

Y_d_1:
[[0. 0. 1.]
 [0. 1. 0.]
 [0. 0. 0.]]

Y_d_2:
[[0. 0. 0.]
 [0. 0. 1.]
 [1. 0. 0.]]

Charges:
[ 1.00000000e+00 -0.00000000e+00  2.00000000e+00  1.00000000e+00 -3.00000000e+00 -3.00000000e+00 -2.00000000e+00  2.00000000e+00 -0.00000000e+00 -4.00000000e+00  1.00000000e+00  3.88578059e-16]

##############################################################################################################

Y_u_1:
[[0. 0. 0. 1.]
 [0. 0. 0. 0.]
 [1. 0. 0. 0.]]

Y_u_2:
[[0. 0. 0. 0.]
 [0. 0. 1. 0.]
 [0. 1. 0. 0.]]

fourth_row_u:
[[0. 2. 3. 1.]]

Y_d_1:
[[0. 0. 1.]
 [0. 1. 0.]
 [1. 0. 0.]]

Y_d_2:
[[0. 0. 0.]
 [0. 0. 1.]
 [0. 0. 0.]]

Charges:
[ 1.00000000e+00 -0.00000000e+00  2.00000000e+00  1.00000000e+00 -3.00000000e+00 -3.00000000e+00 -2.00000000e+00  2.00000000e+00 -0.00000000e+00 -3.00000000e+00  1.00000000e+00  1.25913682e-15]

##############################################################################################################

Y_u_1:
[[0. 0. 0. 1.]
 [0. 0. 0. 0.]
 [0. 1. 0. 0.]]

Y_u_2:
[[0. 0. 0. 0.]
 [0. 0. 1. 0.]
 [1. 0. 0. 0.]]

fourth_row_u:
[[0. 2. 1. 3.]]

Y_d_1:
[[0. 0. 1.]
 [0. 1. 0.]
 [0. 0. 0.]]

Y_d_2:
[[0. 0. 0.]
 [0. 0. 1.]
 [1. 0. 0.]]

Charges:
[ 1.00000000e+00  2.00000000e+00 -2.00000000e+00  1.00000000e+00  4.00000000e+00  5.00000000e+00  4.00000000e+00  2.00000000e+00  0.00000000e+00  3.00000000e+00  1.00000000e+00  1.74860126e-15]

##############################################################################################################

Y_u_1:
[[0. 0. 0. 1.]
 [0. 0. 0. 0.]
 [0. 1. 0. 0.]]

Y_u_2:
[[0. 0. 0. 0.]
 [0. 0. 1. 0.]
 [1. 0. 0. 0.]]

fourth_row_u:
[[0. 2. 1. 3.]]

Y_d_1:
[[0. 0. 1.]
 [0. 1. 0.]
 [1. 0. 0.]]

Y_d_2:
[[0. 0. 0.]
 [0. 0. 1.]
 [0. 0. 0.]]

Charges:
[ 1.00000000e+00  2.00000000e+00 -2.00000000e+00  1.00000000e+00  4.00000000e+00  5.00000000e+00  4.00000000e+00  2.00000000e+00  0.00000000e+00  4.00000000e+00  1.00000000e+00 -1.93708451e-16]

##############################################################################################################

Y_u_1:
[[0. 0. 0. 1.]
 [0. 0. 0. 0.]
 [0. 1. 0. 0.]]

Y_u_2:
[[0. 0. 0. 0.]
 [0. 0. 1. 0.]
 [1. 0. 0. 0.]]

fourth_row_u:
[[0. 2. 3. 1.]]

Y_d_1:
[[0. 0. 1.]
 [0. 1. 0.]
 [0. 0. 0.]]

Y_d_2:
[[0. 0. 0.]
 [0. 0. 1.]
 [1. 0. 0.]]

Charges:
[ 1.00000000e+00  0.00000000e+00  2.00000000e+00  1.00000000e+00 -2.00000000e+00 -1.00000000e+00 -2.00000000e+00  2.00000000e+00  0.00000000e+00 -3.00000000e+00  1.00000000e+00 -4.48405047e-16]

##############################################################################################################

Y_u_1:
[[0. 0. 0. 1.]
 [0. 0. 0. 0.]
 [0. 1. 0. 0.]]

Y_u_2:
[[0. 0. 0. 0.]
 [0. 0. 1. 0.]
 [1. 0. 0. 0.]]

fourth_row_u:
[[0. 2. 3. 1.]]

Y_d_1:
[[0. 0. 1.]
 [0. 1. 0.]
 [1. 0. 0.]]

Y_d_2:
[[0. 0. 0.]
 [0. 0. 1.]
 [0. 0. 0.]]

Charges:
[ 1.00000000e+00  0.00000000e+00  2.00000000e+00  1.00000000e+00 -2.00000000e+00 -1.00000000e+00 -2.00000000e+00  2.00000000e+00  0.00000000e+00 -2.00000000e+00  1.00000000e+00 -5.43895982e-16]

##############################################################################################################

CASE 16:
M_u:
[[0 0 0 1]
 [0 1 1 0]
 [1 0 1 0]
 [0 0 1 1]]
M_d:
[[0 0 1]
 [0 1 0]
 [1 1 0]]

POSSIBLE DECOMPOSITIONS:

Y_u_1:
[[0. 0. 0. 0.]
 [0. 1. 0. 0.]
 [0. 0. 1. 0.]]

Y_u_2:
[[0. 0. 0. 1.]
 [0. 0. 1. 0.]
 [1. 0. 0. 0.]]

fourth_row_u:
[[0. 0. 1. 2.]]

Y_d_1:
[[0. 0. 0.]
 [0. 1. 0.]
 [1. 0. 0.]]

Y_d_2:
[[0. 0. 1.]
 [0. 0. 0.]
 [0. 1. 0.]]

Charges:
[ 1.         -0.30228777 -1.30228777 -1.30228777 -0.30228777  0.69771223 -1.30228777 -0.30228777  1.         -0.30228777 -1.30228777 -1.        ]

[ 1.          1.55698335  0.55698335  0.55698335  1.55698335  2.55698335  0.55698335  1.55698335  1.          1.55698335  0.55698335 -1.        ]

##############################################################################################################

Y_u_1:
[[0. 0. 0. 0.]
 [0. 1. 0. 0.]
 [0. 0. 1. 0.]]

Y_u_2:
[[0. 0. 0. 1.]
 [0. 0. 1. 0.]
 [1. 0. 0. 0.]]

fourth_row_u:
[[0. 0. 1. 2.]]

Y_d_1:
[[0. 0. 1.]
 [0. 1. 0.]
 [1. 0. 0.]]

Y_d_2:
[[0. 0. 0.]
 [0. 0. 0.]
 [0. 1. 0.]]

Charges:
[1.00000000e+00 6.60410840e+00 5.60410840e+00 5.60410840e+00 6.60410840e+00 7.60410840e+00 5.60410840e+00 6.60410840e+00 1.00000000e+00 6.60410840e+00 5.60410840e+00 1.15769378e-15]

[ 1.00000000e+00  2.27020053e-01 -7.72979947e-01 -7.72979947e-01  2.27020053e-01  1.22702005e+00 -7.72979947e-01  2.27020053e-01  1.00000000e+00  2.27020053e-01 -7.72979947e-01  3.30312837e-16]

##############################################################################################################

Y_u_1:
[[0. 0. 0. 0.]
 [0. 0. 1. 0.]
 [1. 0. 0. 0.]]

Y_u_2:
[[0. 0. 0. 1.]
 [0. 1. 0. 0.]
 [0. 0. 1. 0.]]

fourth_row_u:
[[0. 0. 1. 2.]]

Y_d_1:
[[0. 0. 0.]
 [0. 0. 0.]
 [0. 1. 0.]]

Y_d_2:
[[0. 0. 1.]
 [0. 1. 0.]
 [1. 0. 0.]]

Charges:
[ 1.          1.37702369  0.37702369  1.37702369  0.37702369  0.37702369  2.37702369  1.37702369  1.         -0.62297631  0.37702369 -1.        ]

[ 1.         -0.69183471 -1.69183471 -0.69183471 -1.69183471 -1.69183471  0.30816529 -0.69183471  1.         -2.69183471 -1.69183471 -1.        ]

##############################################################################################################

Y_u_1:
[[0. 0. 0. 0.]
 [0. 0. 1. 0.]
 [1. 0. 0. 0.]]

Y_u_2:
[[0. 0. 0. 1.]
 [0. 1. 0. 0.]
 [0. 0. 1. 0.]]

fourth_row_u:
[[0. 0. 1. 2.]]

Y_d_1:
[[0. 0. 1.]
 [0. 0. 0.]
 [0. 1. 0.]]

Y_d_2:
[[0. 0. 0.]
 [0. 1. 0.]
 [1. 0. 0.]]

Charges:
[ 1.00000000e+00  1.63672261e+00  6.36722610e-01  1.63672261e+00  6.36722610e-01  6.36722610e-01  2.63672261e+00  1.63672261e+00  1.00000000e+00 -3.63277390e-01  6.36722610e-01  3.00402998e-17]

[ 1.00000000e+00 -2.89438975e-01 -1.28943897e+00 -2.89438975e-01 -1.28943897e+00 -1.28943897e+00  7.10561025e-01 -2.89438975e-01  1.00000000e+00 -2.28943897e+00 -1.28943897e+00 -2.92130898e-16]

##############################################################################################################

CASE 17:
M_u:
[[0 0 0 1]
 [0 0 1 0]
 [0 1 0 1]
 [1 1 1 0]]
M_d:
[[0 0 1]
 [0 1 1]
 [1 0 0]]

POSSIBLE DECOMPOSITIONS:

Y_u_1:
[[0. 0. 0. 1.]
 [0. 0. 0. 0.]
 [0. 1. 0. 0.]]

Y_u_2:
[[0. 0. 0. 0.]
 [0. 0. 1. 0.]
 [0. 0. 0. 1.]]

fourth_row_u:
[[1. 2. 3. 0.]]

Y_d_1:
[[0. 0. 1.]
 [0. 1. 0.]
 [0. 0. 0.]]

Y_d_2:
[[0. 0. 0.]
 [0. 0. 1.]
 [1. 0. 0.]]

Charges:
[ 1.00000000e+00  5.00000000e-01  1.50000000e+00  1.00000000e+00 -1.00000000e+00  5.00000000e-01 -1.00000000e+00  2.00000000e+00  0.00000000e+00 -2.00000000e+00  1.00000000e+00  5.50757629e-16]

##############################################################################################################

CASE 18:
M_u:
[[0 0 0 1]
 [0 0 1 1]
 [1 1 0 0]
 [0 1 0 1]]
M_d:
[[0 0 1]
 [0 1 1]
 [1 0 0]]

POSSIBLE DECOMPOSITIONS:

Y_u_1:
[[0. 0. 0. 0.]
 [0. 0. 0. 1.]
 [1. 0. 0. 0.]]

Y_u_2:
[[0. 0. 0. 1.]
 [0. 0. 1. 0.]
 [0. 1. 0. 0.]]

fourth_row_u:
[[0. 1. 0. 2.]]

Y_d_1:
[[0. 0. 1.]
 [0. 1. 0.]
 [0. 0. 0.]]

Y_d_2:
[[0. 0. 0.]
 [0. 0. 1.]
 [1. 0. 0.]]

Charges:
[ 1.00000000e+00  2.54647328e+00  1.54647328e+00  1.00000000e+00  1.54647328e+00  1.54647328e+00  2.54647328e+00  2.00000000e+00  1.00000000e+00  5.46473284e-01  1.00000000e+00 -8.88146879e-16]

[ 1.00000000e+00 -2.20611825e-01 -1.22061182e+00  1.00000000e+00 -1.22061182e+00 -1.22061182e+00 -2.20611825e-01  2.00000000e+00  1.00000000e+00 -2.22061182e+00  1.00000000e+00 -2.03181507e-16]

##############################################################################################################

Y_u_1:
[[0. 0. 0. 0.]
 [0. 0. 0. 1.]
 [1. 0. 0. 0.]]

Y_u_2:
[[0. 0. 0. 1.]
 [0. 0. 1. 0.]
 [0. 1. 0. 0.]]

fourth_row_u:
[[0. 1. 0. 2.]]

Y_d_1:
[[0. 0. 1.]
 [0. 1. 0.]
 [1. 0. 0.]]

Y_d_2:
[[0. 0. 0.]
 [0. 0. 1.]
 [0. 0. 0.]]

Charges:
[ 1.          3.79570752  2.79570752  1.          2.79570752  2.79570752  3.79570752  2.          1.          2.79570752  1.         -0.        ]

[ 1.00000000e+00  1.69531721e-01 -8.30468279e-01  1.00000000e+00 -8.30468279e-01 -8.30468279e-01  1.69531721e-01  2.00000000e+00  1.00000000e+00 -8.30468279e-01  1.00000000e+00 -4.56412407e-16]

##############################################################################################################

Y_u_1:
[[0. 0. 0. 0.]
 [0. 0. 0. 1.]
 [0. 1. 0. 0.]]

Y_u_2:
[[0. 0. 0. 1.]
 [0. 0. 1. 0.]
 [1. 0. 0. 0.]]

fourth_row_u:
[[0. 1. 0. 2.]]

Y_d_1:
[[0. 0. 1.]
 [0. 1. 0.]
 [0. 0. 0.]]

Y_d_2:
[[0. 0. 0.]
 [0. 0. 1.]
 [1. 0. 0.]]

Charges:
[ 1.00000000e+00 -8.52904301e+00 -9.52904301e+00  1.00000000e+00 -8.52904301e+00 -7.52904301e+00 -8.52904301e+00  2.00000000e+00  1.00000000e+00 -9.52904301e+00  1.00000000e+00 -5.98211881e-16]

[ 1.00000000e+00  3.74304182e-01 -6.25695818e-01  1.00000000e+00  3.74304182e-01  1.37430418e+00  3.74304182e-01  2.00000000e+00  1.00000000e+00 -6.25695818e-01  1.00000000e+00 -7.62622087e-16]

##############################################################################################################

Y_u_1:
[[0. 0. 0. 0.]
 [0. 0. 0. 1.]
 [0. 1. 0. 0.]]

Y_u_2:
[[0. 0. 0. 1.]
 [0. 0. 1. 0.]
 [1. 0. 0. 0.]]

fourth_row_u:
[[0. 1. 0. 2.]]

Y_d_1:
[[0. 0. 1.]
 [0. 1. 0.]
 [1. 0. 0.]]

Y_d_2:
[[0. 0. 0.]
 [0. 0. 1.]
 [0. 0. 0.]]

Charges:
[ 1.00000000e+00 -3.46581101e-02 -1.03465811e+00  1.00000000e+00 -3.46581101e-02  9.65341890e-01 -3.46581101e-02  2.00000000e+00  1.00000000e+00 -3.46581101e-02  1.00000000e+00  4.06223568e-15]

[1.00000000e+00 4.80887925e+01 4.70887925e+01 1.00000000e+00 4.80887925e+01 4.90887925e+01 4.80887925e+01 2.00000000e+00 1.00000000e+00 4.80887925e+01 1.00000000e+00 1.63529528e-15]

##############################################################################################################

CASE 19:
M_u:
[[0 0 0 1]
 [0 0 1 0]
 [0 1 0 1]
 [1 1 1 0]]
M_d:
[[0 0 1]
 [0 1 0]
 [1 0 1]]

POSSIBLE DECOMPOSITIONS:

Y_u_1:
[[0. 0. 0. 0.]
 [0. 0. 0. 0.]
 [0. 0. 0. 1.]]

Y_u_2:
[[0. 0. 0. 1.]
 [0. 0. 1. 0.]
 [0. 1. 0. 0.]]

fourth_row_u:
[[1. 2. 3. 0.]]

Y_d_1:
[[0. 0. 1.]
 [0. 0. 0.]
 [1. 0. 0.]]

Y_d_2:
[[0. 0. 0.]
 [0. 1. 0.]
 [0. 0. 1.]]

Charges:
[ 1.00000000e+00  8.75820462e-01 -1.12417954e+00 -1.24835908e+00  1.00000000e+00  8.75820462e-01  2.00000000e+00 -2.48359077e-01  1.00000000e+00  1.00000000e+00 -2.24835908e+00 -3.48061928e-16]

[ 1.00000000e+00  3.42192059e+00  1.42192059e+00  3.84384119e+00  1.00000000e+00  3.42192059e+00  2.00000000e+00  4.84384119e+00  1.00000000e+00  1.00000000e+00  2.84384119e+00 -1.48734313e-15]

##############################################################################################################

Y_u_1:
[[0. 0. 0. 0.]
 [0. 0. 0. 0.]
 [0. 0. 0. 1.]]

Y_u_2:
[[0. 0. 0. 1.]
 [0. 0. 1. 0.]
 [0. 1. 0. 0.]]

fourth_row_u:
[[1. 2. 3. 0.]]

Y_d_1:
[[0. 0. 1.]
 [0. 1. 0.]
 [1. 0. 0.]]

Y_d_2:
[[0. 0. 0.]
 [0. 0. 0.]
 [0. 0. 1.]]

Charges:
[ 1.          0.78581524 -1.21418476 -1.42836952  1.          0.78581524  2.         -0.42836952  1.          1.         -1.42836952 -0.        ]

[1.00000000e+00 3.19588865e+00 1.19588865e+00 3.39177731e+00 1.00000000e+00 3.19588865e+00 2.00000000e+00 4.39177731e+00 1.00000000e+00 1.00000000e+00 3.39177731e+00 7.07294716e-16]

##############################################################################################################

Y_u_1:
[[0. 0. 0. 1.]
 [0. 0. 0. 0.]
 [0. 1. 0. 0.]]

Y_u_2:
[[0. 0. 0. 0.]
 [0. 0. 1. 0.]
 [0. 0. 0. 1.]]

fourth_row_u:
[[1. 2. 3. 0.]]

Y_d_1:
[[0. 0. 0.]
 [0. 0. 0.]
 [0. 0. 1.]]

Y_d_2:
[[0. 0. 1.]
 [0. 1. 0.]
 [1. 0. 0.]]

Charges:
[ 1.00000000e+00  9.29702801e-01  1.92970280e+00  1.85940560e+00 -1.00000000e+00  9.29702801e-01 -1.00000000e+00  2.85940560e+00 -2.82096152e-16 -2.00000000e+00  8.59405603e-01 -1.00000000e+00]

[ 1.         -0.79821145  0.20178855 -1.5964229  -1.         -0.79821145 -1.         -0.5964229  -0.         -2.         -2.5964229  -1.        ]

##############################################################################################################

Y_u_1:
[[0. 0. 0. 1.]
 [0. 0. 0. 0.]
 [0. 1. 0. 0.]]

Y_u_2:
[[0. 0. 0. 0.]
 [0. 0. 1. 0.]
 [0. 0. 0. 1.]]

fourth_row_u:
[[1. 2. 3. 0.]]

Y_d_1:
[[0. 0. 0.]
 [0. 1. 0.]
 [0. 0. 1.]]

Y_d_2:
[[0. 0. 1.]
 [0. 0. 0.]
 [1. 0. 0.]]

Charges:
[ 1.00000000e+00 -1.10516448e+00 -1.05164480e-01 -2.21032896e+00 -1.00000000e+00 -1.10516448e+00 -1.00000000e+00 -1.21032896e+00 -2.58528495e-16 -2.00000000e+00 -2.21032896e+00 -1.00000000e+00]

[ 1.          0.49232353  1.49232353  0.98464706 -1.          0.49232353 -1.          1.98464706 -0.         -2.          0.98464706 -1.        ]

##############################################################################################################

CASE 20:
M_u:
[[0 0 0 1]
 [0 0 1 0]
 [0 1 0 1]
 [1 1 1 0]]
M_d:
[[0 1 1]
 [1 0 0]
 [0 0 1]]

POSSIBLE DECOMPOSITIONS:

Y_u_1:
[[0. 0. 0. 0.]
 [0. 0. 0. 0.]
 [0. 0. 0. 1.]]

Y_u_2:
[[0. 0. 0. 1.]
 [0. 0. 1. 0.]
 [0. 1. 0. 0.]]

fourth_row_u:
[[1. 2. 3. 0.]]

Y_d_1:
[[0. 0. 1.]
 [0. 0. 0.]
 [0. 0. 0.]]

Y_d_2:
[[0. 1. 0.]
 [1. 0. 0.]
 [0. 0. 1.]]

Charges:
[ 1.00000000e+00  1.79245204e+00 -2.07547964e-01  5.84904072e-01  1.00000000e+00  1.79245204e+00  2.00000000e+00  1.58490407e+00  1.00000000e+00 -4.15095928e-01 -1.00000000e+00  4.64375689e-16]

[ 1.00000000e+00 -7.47948805e-01 -2.74794880e+00 -4.49589761e+00  1.00000000e+00 -7.47948805e-01  2.00000000e+00 -3.49589761e+00  1.00000000e+00 -5.49589761e+00 -1.00000000e+00  1.05051293e-15]

##############################################################################################################

Y_u_1:
[[0. 0. 0. 0.]
 [0. 0. 0. 0.]
 [0. 0. 0. 1.]]

Y_u_2:
[[0. 0. 0. 1.]
 [0. 0. 1. 0.]
 [0. 1. 0. 0.]]

fourth_row_u:
[[1. 2. 3. 0.]]

Y_d_1:
[[0. 0. 1.]
 [1. 0. 0.]
 [0. 0. 0.]]

Y_d_2:
[[0. 1. 0.]
 [0. 0. 0.]
 [0. 0. 1.]]

Charges:
[ 1.00000000e+00  1.60542259e+00 -3.94577409e-01  2.10845183e-01  1.00000000e+00  1.60542259e+00  2.00000000e+00  1.21084518e+00  1.00000000e+00  2.10845183e-01 -1.00000000e+00  5.35069482e-16]

[ 1.00000000e+00 -8.39024673e-01 -2.83902467e+00 -4.67804935e+00  1.00000000e+00 -8.39024673e-01  2.00000000e+00 -3.67804935e+00  1.00000000e+00 -4.67804935e+00 -1.00000000e+00 -5.99980939e-17]

##############################################################################################################

Y_u_1:
[[0. 0. 0. 1.]
 [0. 0. 0. 0.]
 [0. 1. 0. 0.]]

Y_u_2:
[[0. 0. 0. 0.]
 [0. 0. 1. 0.]
 [0. 0. 0. 1.]]

fourth_row_u:
[[1. 2. 3. 0.]]

Y_d_1:
[[0. 1. 0.]
 [0. 0. 0.]
 [0. 0. 1.]]

Y_d_2:
[[0. 0. 1.]
 [1. 0. 0.]
 [0. 0. 0.]]

Charges:
[ 1.00000000e+00 -4.58975409e+00 -3.58975409e+00 -9.17950817e+00 -1.00000000e+00 -4.58975409e+00 -1.00000000e+00 -8.17950817e+00 -0.00000000e+00 -1.01795082e+01 -3.17759935e-15 -1.00000000e+00]

[ 1.00000000e+00  3.55250841e-02  1.03552508e+00  7.10501681e-02 -1.00000000e+00  3.55250841e-02 -1.00000000e+00  1.07105017e+00 -0.00000000e+00 -9.28949832e-01 -1.28822130e-16 -1.00000000e+00]

##############################################################################################################

Y_u_1:
[[0. 0. 0. 1.]
 [0. 0. 0. 0.]
 [0. 1. 0. 0.]]

Y_u_2:
[[0. 0. 0. 0.]
 [0. 0. 1. 0.]
 [0. 0. 0. 1.]]

fourth_row_u:
[[1. 2. 3. 0.]]

Y_d_1:
[[0. 1. 0.]
 [1. 0. 0.]
 [0. 0. 1.]]

Y_d_2:
[[0. 0. 1.]
 [0. 0. 0.]
 [0. 0. 0.]]

Charges:
[ 1.00000000e+00 -8.40131112e-01  1.59868888e-01 -1.68026222e+00 -1.00000000e+00 -8.40131112e-01 -1.00000000e+00 -6.80262224e-01 -0.00000000e+00 -1.68026222e+00  4.09105441e-16 -1.00000000e+00]

[ 1.00000000e+00  3.62384788e-01  1.36238479e+00  7.24769577e-01 -1.00000000e+00  3.62384788e-01 -1.00000000e+00  1.72476958e+00 -0.00000000e+00  7.24769577e-01 -2.01087692e-16 -1.00000000e+00]

##############################################################################################################

CASE 21:
M_u:
[[0 0 0 1]
 [0 0 1 0]
 [0 1 0 1]
 [1 0 1 1]]
M_d:
[[0 1 1]
 [1 0 0]
 [0 0 1]]

POSSIBLE DECOMPOSITIONS:

Y_u_1:
[[0. 0. 0. 0.]
 [0. 0. 0. 0.]
 [0. 0. 0. 1.]]

Y_u_2:
[[0. 0. 0. 1.]
 [0. 0. 1. 0.]
 [0. 1. 0. 0.]]

fourth_row_u:
[[1. 0. 2. 3.]]

Y_d_1:
[[0. 0. 1.]
 [0. 0. 0.]
 [0. 0. 0.]]

Y_d_2:
[[0. 1. 0.]
 [1. 0. 0.]
 [0. 0. 1.]]

Charges:
[ 1.00000000e+00 -5.53954953e-01  1.55395495e+00 -3.10790991e+00  1.00000000e+00 -5.53954953e-01  2.00000000e+00 -2.10790991e+00  1.00000000e+00 -4.10790991e+00 -1.00000000e+00 -1.34916863e-16]

[ 1.00000000e+00  1.41728635e+00 -4.17286347e-01  8.34572694e-01  1.00000000e+00  1.41728635e+00  2.00000000e+00  1.83457269e+00  1.00000000e+00 -1.65427306e-01 -1.00000000e+00 -1.67989790e-15]

##############################################################################################################

Y_u_1:
[[0. 0. 0. 0.]
 [0. 0. 0. 0.]
 [0. 0. 0. 1.]]

Y_u_2:
[[0. 0. 0. 1.]
 [0. 0. 1. 0.]
 [0. 1. 0. 0.]]

fourth_row_u:
[[1. 0. 2. 3.]]

Y_d_1:
[[0. 0. 1.]
 [1. 0. 0.]
 [0. 0. 0.]]

Y_d_2:
[[0. 1. 0.]
 [0. 0. 0.]
 [0. 0. 1.]]

Charges:
[ 1.00000000e+00  1.34661158e+00 -3.46611580e-01  6.93223161e-01  1.00000000e+00  1.34661158e+00  2.00000000e+00  1.69322316e+00  1.00000000e+00  6.93223161e-01 -1.00000000e+00 -7.11995804e-16]

[ 1.00000000e+00 -3.46473794e-01  1.34647379e+00 -2.69294759e+00  1.00000000e+00 -3.46473794e-01  2.00000000e+00 -1.69294759e+00  1.00000000e+00 -2.69294759e+00 -1.00000000e+00  1.09010832e-16]

##############################################################################################################

Y_u_1:
[[0. 0. 0. 1.]
 [0. 0. 0. 0.]
 [0. 1. 0. 0.]]

Y_u_2:
[[0. 0. 0. 0.]
 [0. 0. 1. 0.]
 [0. 0. 0. 1.]]

fourth_row_u:
[[1. 0. 2. 3.]]

Y_d_1:
[[0. 1. 0.]
 [0. 0. 0.]
 [0. 0. 1.]]

Y_d_2:
[[0. 0. 1.]
 [1. 0. 0.]
 [0. 0. 0.]]

Charges:
[ 1.00000000e+00  6.04170872e+00 -6.04170872e+00  1.10834174e+01 -1.00000000e+00  6.04170872e+00 -1.00000000e+00  1.20834174e+01 -1.22128716e-15  1.00834174e+01  1.48844373e-15 -1.00000000e+00]

[ 1.00000000e+00  3.22009444e-01 -3.22009444e-01 -3.55981112e-01 -1.00000000e+00  3.22009444e-01 -1.00000000e+00  6.44018888e-01 -0.00000000e+00 -1.35598111e+00 -9.31111290e-17 -1.00000000e+00]

##############################################################################################################

Y_u_1:
[[0. 0. 0. 1.]
 [0. 0. 0. 0.]
 [0. 1. 0. 0.]]

Y_u_2:
[[0. 0. 0. 0.]
 [0. 0. 1. 0.]
 [0. 0. 0. 1.]]

fourth_row_u:
[[1. 0. 2. 3.]]

Y_d_1:
[[0. 1. 0.]
 [1. 0. 0.]
 [0. 0. 1.]]

Y_d_2:
[[0. 0. 1.]
 [0. 0. 0.]
 [0. 0. 0.]]

Charges:
[ 1.00000000e+00  3.58095109e-01 -3.58095109e-01 -2.83809781e-01 -1.00000000e+00  3.58095109e-01 -1.00000000e+00  7.16190219e-01  1.24853461e-16 -2.83809781e-01 -4.61875006e-18 -1.00000000e+00]

[ 1.00000000e+00 -3.33056062e+00  3.33056062e+00 -7.66112123e+00 -1.00000000e+00 -3.33056062e+00 -1.00000000e+00 -6.66112123e+00 -0.00000000e+00 -7.66112123e+00 -1.30503263e-15 -1.00000000e+00]

##############################################################################################################

CASE 22:
M_u:
[[0 0 0 1]
 [0 0 1 1]
 [1 1 0 0]
 [0 1 1 1]]
M_d:
[[0 0 1]
 [0 1 0]
 [1 0 0]]

POSSIBLE DECOMPOSITIONS:

Y_u_1:
[[0. 0. 0. 0.]
 [0. 0. 0. 1.]
 [1. 0. 0. 0.]]

Y_u_2:
[[0. 0. 0. 1.]
 [0. 0. 1. 0.]
 [0. 1. 0. 0.]]

fourth_row_u:
[[0. 1. 2. 3.]]

Y_d_1:
[[0. 0. 0.]
 [0. 1. 0.]
 [0. 0. 0.]]

Y_d_2:
[[0. 0. 1.]
 [0. 0. 0.]
 [1. 0. 0.]]

Charges:
[ 1.   1.5 -0.5  1.   0.5  0.5  1.5  2.   1.  -0.5  1.  -1. ]

##############################################################################################################

Y_u_1:
[[0. 0. 0. 0.]
 [0. 0. 0. 1.]
 [1. 0. 0. 0.]]

Y_u_2:
[[0. 0. 0. 1.]
 [0. 0. 1. 0.]
 [0. 1. 0. 0.]]

fourth_row_u:
[[0. 1. 2. 3.]]

Y_d_1:
[[0. 0. 0.]
 [0. 1. 0.]
 [1. 0. 0.]]

Y_d_2:
[[0. 0. 1.]
 [0. 0. 0.]
 [0. 0. 0.]]

Charges:
[ 1.   1.5 -0.5  1.   0.5  0.5  1.5  2.   1.   0.5  1.  -1. ]

##############################################################################################################

Y_u_1:
[[0. 0. 0. 0.]
 [0. 0. 0. 1.]
 [0. 1. 0. 0.]]

Y_u_2:
[[0. 0. 0. 1.]
 [0. 0. 1. 0.]
 [1. 0. 0. 0.]]

fourth_row_u:
[[0. 1. 2. 3.]]

Y_d_1:
[[0. 0. 0.]
 [0. 1. 0.]
 [0. 0. 0.]]

Y_d_2:
[[0. 0. 1.]
 [0. 0. 0.]
 [1. 0. 0.]]

Charges:
[ 1.   1.5 -0.5  1.   1.5  2.5  1.5  2.   1.   0.5  1.  -1. ]

##############################################################################################################

Y_u_1:
[[0. 0. 0. 0.]
 [0. 0. 0. 1.]
 [0. 1. 0. 0.]]

Y_u_2:
[[0. 0. 0. 1.]
 [0. 0. 1. 0.]
 [1. 0. 0. 0.]]

fourth_row_u:
[[0. 1. 2. 3.]]

Y_d_1:
[[0. 0. 0.]
 [0. 1. 0.]
 [1. 0. 0.]]

Y_d_2:
[[0. 0. 1.]
 [0. 0. 0.]
 [0. 0. 0.]]

Charges:
[ 1.   1.5 -0.5  1.   1.5  2.5  1.5  2.   1.   1.5  1.  -1. ]

##############################################################################################################

Y_u_1:
[[0. 0. 0. 0.]
 [0. 0. 0. 1.]
 [0. 1. 0. 0.]]

Y_u_2:
[[0. 0. 0. 1.]
 [0. 0. 1. 0.]
 [1. 0. 0. 0.]]

fourth_row_u:
[[0. 2. 1. 3.]]

Y_d_1:
[[0. 0. 0.]
 [0. 1. 0.]
 [0. 0. 0.]]

Y_d_2:
[[0. 0. 1.]
 [0. 0. 0.]
 [1. 0. 0.]]

Charges:
[ 1.  2. -1.  1.  3.  4.  3.  2.  1.  2.  1. -1.]

##############################################################################################################

Y_u_1:
[[0. 0. 0. 0.]
 [0. 0. 0. 1.]
 [0. 1. 0. 0.]]

Y_u_2:
[[0. 0. 0. 1.]
 [0. 0. 1. 0.]
 [1. 0. 0. 0.]]

fourth_row_u:
[[0. 2. 1. 3.]]

Y_d_1:
[[0. 0. 0.]
 [0. 1. 0.]
 [1. 0. 0.]]

Y_d_2:
[[0. 0. 1.]
 [0. 0. 0.]
 [0. 0. 0.]]

Charges:
[ 1.  2. -1.  1.  3.  4.  3.  2.  1.  3.  1. -1.]

##############################################################################################################

CASE 23:
M_u:
[[0 0 0 1]
 [0 1 1 0]
 [1 0 1 0]
 [0 1 1 1]]
M_d:
[[0 0 1]
 [0 1 0]
 [1 0 0]]

POSSIBLE DECOMPOSITIONS:

Y_u_1:
[[0. 0. 0. 0.]
 [0. 1. 0. 0.]
 [0. 0. 1. 0.]]

Y_u_2:
[[0. 0. 0. 1.]
 [0. 0. 1. 0.]
 [1. 0. 0. 0.]]

fourth_row_u:
[[0. 1. 2. 3.]]

Y_d_1:
[[0. 0. 0.]
 [0. 0. 0.]
 [1. 0. 0.]]

Y_d_2:
[[0. 0. 1.]
 [0. 1. 0.]
 [0. 0. 0.]]

Charges:
[ 1.  2. -1.  2.  3.  4.  2.  3.  1.  3.  1. -1.]

##############################################################################################################

Y_u_1:
[[0. 0. 0. 0.]
 [0. 1. 0. 0.]
 [0. 0. 1. 0.]]

Y_u_2:
[[0. 0. 0. 1.]
 [0. 0. 1. 0.]
 [1. 0. 0. 0.]]

fourth_row_u:
[[0. 1. 2. 3.]]

Y_d_1:
[[0. 0. 1.]
 [0. 0. 0.]
 [1. 0. 0.]]

Y_d_2:
[[0. 0. 0.]
 [0. 1. 0.]
 [0. 0. 0.]]

Charges:
[ 1.00000000e+00  2.00000000e+00 -1.00000000e+00  2.00000000e+00  3.00000000e+00  4.00000000e+00  2.00000000e+00  3.00000000e+00  1.00000000e+00  3.00000000e+00  1.00000000e+00  2.01445335e-15]

##############################################################################################################

Y_u_1:
[[0. 0. 0. 0.]
 [0. 1. 0. 0.]
 [0. 0. 1. 0.]]

Y_u_2:
[[0. 0. 0. 1.]
 [0. 0. 1. 0.]
 [1. 0. 0. 0.]]

fourth_row_u:
[[0. 2. 3. 1.]]

Y_d_1:
[[0. 0. 0.]
 [0. 0. 0.]
 [1. 0. 0.]]

Y_d_2:
[[0. 0. 1.]
 [0. 1. 0.]
 [0. 0. 0.]]

Charges:
[ 1.   1.   0.5  0.5  1.5  2.5  0.5  1.5  1.   1.5 -0.5 -1. ]

##############################################################################################################

Y_u_1:
[[0. 0. 0. 0.]
 [0. 1. 0. 0.]
 [0. 0. 1. 0.]]

Y_u_2:
[[0. 0. 0. 1.]
 [0. 0. 1. 0.]
 [1. 0. 0. 0.]]

fourth_row_u:
[[0. 2. 3. 1.]]

Y_d_1:
[[0. 0. 1.]
 [0. 0. 0.]
 [1. 0. 0.]]

Y_d_2:
[[0. 0. 0.]
 [0. 1. 0.]
 [0. 0. 0.]]

Charges:
[ 1.00000000e+00  1.00000000e+00  5.00000000e-01  5.00000000e-01  1.50000000e+00  2.50000000e+00  5.00000000e-01  1.50000000e+00  1.00000000e+00  1.50000000e+00 -5.00000000e-01 -1.67613151e-15]

##############################################################################################################

Y_u_1:
[[0. 0. 0. 0.]
 [0. 0. 1. 0.]
 [1. 0. 0. 0.]]

Y_u_2:
[[0. 0. 0. 1.]
 [0. 1. 0. 0.]
 [0. 0. 1. 0.]]

fourth_row_u:
[[0. 2. 3. 1.]]

Y_d_1:
[[0. 0. 0.]
 [0. 1. 0.]
 [0. 0. 0.]]

Y_d_2:
[[0. 0. 1.]
 [0. 0. 0.]
 [1. 0. 0.]]

Charges:
[ 1.   1.  -0.5  0.5 -0.5 -0.5  1.5  0.5  1.  -1.5  0.5 -1. ]

##############################################################################################################

Y_u_1:
[[0. 0. 0. 0.]
 [0. 0. 1. 0.]
 [1. 0. 0. 0.]]

Y_u_2:
[[0. 0. 0. 1.]
 [0. 1. 0. 0.]
 [0. 0. 1. 0.]]

fourth_row_u:
[[0. 2. 3. 1.]]

Y_d_1:
[[0. 0. 1.]
 [0. 1. 0.]
 [0. 0. 0.]]

Y_d_2:
[[0. 0. 0.]
 [0. 0. 0.]
 [1. 0. 0.]]

Charges:
[ 1.00000000e+00  1.00000000e+00 -5.00000000e-01  5.00000000e-01 -5.00000000e-01 -5.00000000e-01  1.50000000e+00  5.00000000e-01  1.00000000e+00 -1.50000000e+00  5.00000000e-01 -1.38577078e-16]

##############################################################################################################


THERE ARE IN TOTAL 23 MAXIMALLY RESTRICTIVE PAIRS OF TEXTURE ZEROS REALIZABLE WITH 2HDM + ABELIAN SYMMETRY (AFTER MINUIT). 

TEXTURES FOR MASS MATRIX OF UP SECTOR:

4_0:

[[0 0 0 1]
 [0 0 1 0]
 [0 1 0 1]]

DECOMPOSITIONS:

4_0_0:

Y_u_1:
[[0. 0. 0. 1.]
 [0. 0. 0. 0.]
 [0. 1. 0. 0.]]

Y_u_2:
[[0. 0. 0. 0.]
 [0. 0. 1. 0.]
 [0. 0. 0. 1.]]

###########################################

4_0_1:

Y_u_1:
[[0. 0. 0. 0.]
 [0. 0. 0. 0.]
 [0. 0. 0. 1.]]

Y_u_2:
[[0. 0. 0. 1.]
 [0. 0. 1. 0.]
 [0. 1. 0. 0.]]

###########################################

##############################################################################################################

4_1:

[[0 0 0 1]
 [0 0 1 0]
 [1 1 0 0]]

DECOMPOSITIONS:

4_1_0:

Y_u_1:
[[0. 0. 0. 1.]
 [0. 0. 0. 0.]
 [1. 0. 0. 0.]]

Y_u_2:
[[0. 0. 0. 0.]
 [0. 0. 1. 0.]
 [0. 1. 0. 0.]]

###########################################

4_1_1:

Y_u_1:
[[0. 0. 0. 1.]
 [0. 0. 0. 0.]
 [0. 1. 0. 0.]]

Y_u_2:
[[0. 0. 0. 0.]
 [0. 0. 1. 0.]
 [1. 0. 0. 0.]]

###########################################

##############################################################################################################

5_0:

[[0 0 0 1]
 [0 1 1 0]
 [1 0 1 0]]

DECOMPOSITIONS:

5_0_0:

Y_u_1:
[[0. 0. 0. 0.]
 [0. 1. 0. 0.]
 [0. 0. 1. 0.]]

Y_u_2:
[[0. 0. 0. 1.]
 [0. 0. 1. 0.]
 [1. 0. 0. 0.]]

###########################################

5_0_1:

Y_u_1:
[[0. 0. 0. 0.]
 [0. 0. 1. 0.]
 [1. 0. 0. 0.]]

Y_u_2:
[[0. 0. 0. 1.]
 [0. 1. 0. 0.]
 [0. 0. 1. 0.]]

###########################################

##############################################################################################################

5_1:

[[0 0 0 1]
 [0 0 1 1]
 [0 1 1 0]]

DECOMPOSITIONS:

5_1_0:

Y_u_1:
[[0. 0. 0. 0.]
 [0. 0. 0. 1.]
 [0. 0. 1. 0.]]

Y_u_2:
[[0. 0. 0. 1.]
 [0. 0. 1. 0.]
 [0. 1. 0. 0.]]

###########################################

##############################################################################################################

5_2:

[[0 0 0 1]
 [0 0 1 1]
 [1 1 0 0]]

DECOMPOSITIONS:

5_2_0:

Y_u_1:
[[0. 0. 0. 0.]
 [0. 0. 0. 1.]
 [1. 0. 0. 0.]]

Y_u_2:
[[0. 0. 0. 1.]
 [0. 0. 1. 0.]
 [0. 1. 0. 0.]]

###########################################

5_2_1:

Y_u_1:
[[0. 0. 0. 0.]
 [0. 0. 0. 1.]
 [0. 1. 0. 0.]]

Y_u_2:
[[0. 0. 0. 1.]
 [0. 0. 1. 0.]
 [1. 0. 0. 0.]]

###########################################

##############################################################################################################

6_0:

[[0 0 1 1]
 [0 1 0 1]
 [1 0 1 0]]

DECOMPOSITIONS:

6_0_0:

Y_u_1:
[[0. 0. 1. 0.]
 [0. 0. 0. 1.]
 [1. 0. 0. 0.]]

Y_u_2:
[[0. 0. 0. 1.]
 [0. 1. 0. 0.]
 [0. 0. 1. 0.]]

###########################################

##############################################################################################################

TEXTURES FOR MASS MATRIX OF DOWN SECTOR:

3_0:
[[0 0 1]
 [0 1 0]
 [1 0 0]]

DECOMPOSITIONS:

3_0_0:
Y_d_1:
[[0. 0. 0.]
 [0. 1. 0.]
 [0. 0. 0.]]

Y_d_2:
[[0. 0. 1.]
 [0. 0. 0.]
 [1. 0. 0.]]

###########################################

3_0_1:
Y_d_1:
[[0. 0. 0.]
 [0. 1. 0.]
 [1. 0. 0.]]

Y_d_2:
[[0. 0. 1.]
 [0. 0. 0.]
 [0. 0. 0.]]

###########################################

3_0_2:
Y_d_1:
[[0. 0. 0.]
 [0. 0. 0.]
 [1. 0. 0.]]

Y_d_2:
[[0. 0. 1.]
 [0. 1. 0.]
 [0. 0. 0.]]

###########################################

3_0_3:
Y_d_1:
[[0. 0. 1.]
 [0. 0. 0.]
 [1. 0. 0.]]

Y_d_2:
[[0. 0. 0.]
 [0. 1. 0.]
 [0. 0. 0.]]

###########################################

3_0_4:
Y_d_1:
[[0. 0. 1.]
 [0. 1. 0.]
 [0. 0. 0.]]

Y_d_2:
[[0. 0. 0.]
 [0. 0. 0.]
 [1. 0. 0.]]

###########################################

##############################################################################################################

4_0:
[[0 0 1]
 [0 1 0]
 [1 1 0]]

DECOMPOSITIONS:

4_0_0:
Y_d_1:
[[0. 0. 0.]
 [0. 1. 0.]
 [1. 0. 0.]]

Y_d_2:
[[0. 0. 1.]
 [0. 0. 0.]
 [0. 1. 0.]]

###########################################

4_0_1:
Y_d_1:
[[0. 0. 1.]
 [0. 1. 0.]
 [1. 0. 0.]]

Y_d_2:
[[0. 0. 0.]
 [0. 0. 0.]
 [0. 1. 0.]]

###########################################

4_0_2:
Y_d_1:
[[0. 0. 0.]
 [0. 0. 0.]
 [0. 1. 0.]]

Y_d_2:
[[0. 0. 1.]
 [0. 1. 0.]
 [1. 0. 0.]]

###########################################

4_0_3:
Y_d_1:
[[0. 0. 1.]
 [0. 0. 0.]
 [0. 1. 0.]]

Y_d_2:
[[0. 0. 0.]
 [0. 1. 0.]
 [1. 0. 0.]]

###########################################

##############################################################################################################

4_1:
[[0 0 1]
 [1 1 0]
 [0 1 0]]

DECOMPOSITIONS:

4_1_0:
Y_d_1:
[[0. 0. 0.]
 [0. 1. 0.]
 [0. 0. 0.]]

Y_d_2:
[[0. 0. 1.]
 [1. 0. 0.]
 [0. 1. 0.]]

###########################################

4_1_1:
Y_d_1:
[[0. 0. 1.]
 [0. 1. 0.]
 [0. 0. 0.]]

Y_d_2:
[[0. 0. 0.]
 [1. 0. 0.]
 [0. 1. 0.]]

###########################################

4_1_2:
Y_d_1:
[[0. 0. 0.]
 [1. 0. 0.]
 [0. 1. 0.]]

Y_d_2:
[[0. 0. 1.]
 [0. 1. 0.]
 [0. 0. 0.]]

###########################################

4_1_3:
Y_d_1:
[[0. 0. 1.]
 [1. 0. 0.]
 [0. 1. 0.]]

Y_d_2:
[[0. 0. 0.]
 [0. 1. 0.]
 [0. 0. 0.]]

###########################################

##############################################################################################################

4_2:
[[0 0 1]
 [0 1 0]
 [1 0 1]]

DECOMPOSITIONS:

4_2_0:
Y_d_1:
[[0. 0. 0.]
 [0. 1. 0.]
 [0. 0. 1.]]

Y_d_2:
[[0. 0. 1.]
 [0. 0. 0.]
 [1. 0. 0.]]

###########################################

4_2_1:
Y_d_1:
[[0. 0. 1.]
 [0. 0. 0.]
 [1. 0. 0.]]

Y_d_2:
[[0. 0. 0.]
 [0. 1. 0.]
 [0. 0. 1.]]

###########################################

4_2_2:
Y_d_1:
[[0. 0. 1.]
 [0. 1. 0.]
 [1. 0. 0.]]

Y_d_2:
[[0. 0. 0.]
 [0. 0. 0.]
 [0. 0. 1.]]

###########################################

4_2_3:
Y_d_1:
[[0. 0. 0.]
 [0. 0. 0.]
 [0. 0. 1.]]

Y_d_2:
[[0. 0. 1.]
 [0. 1. 0.]
 [1. 0. 0.]]

###########################################

##############################################################################################################

4_3:
[[0 1 1]
 [0 0 1]
 [1 0 0]]

DECOMPOSITIONS:

4_3_0:
Y_d_1:
[[0. 0. 1.]
 [0. 0. 0.]
 [1. 0. 0.]]

Y_d_2:
[[0. 1. 0.]
 [0. 0. 1.]
 [0. 0. 0.]]

###########################################

4_3_1:
Y_d_1:
[[0. 0. 1.]
 [0. 0. 0.]
 [0. 0. 0.]]

Y_d_2:
[[0. 1. 0.]
 [0. 0. 1.]
 [1. 0. 0.]]

###########################################

##############################################################################################################

4_4:
[[0 0 1]
 [0 1 1]
 [1 0 0]]

DECOMPOSITIONS:

4_4_0:
Y_d_1:
[[0. 0. 1.]
 [0. 1. 0.]
 [0. 0. 0.]]

Y_d_2:
[[0. 0. 0.]
 [0. 0. 1.]
 [1. 0. 0.]]

###########################################

4_4_1:
Y_d_1:
[[0. 0. 1.]
 [0. 1. 0.]
 [1. 0. 0.]]

Y_d_2:
[[0. 0. 0.]
 [0. 0. 1.]
 [0. 0. 0.]]

###########################################

##############################################################################################################

4_5:
[[0 1 1]
 [1 0 0]
 [0 0 1]]

DECOMPOSITIONS:

4_5_0:
Y_d_1:
[[0. 0. 1.]
 [0. 0. 0.]
 [0. 0. 0.]]

Y_d_2:
[[0. 1. 0.]
 [1. 0. 0.]
 [0. 0. 1.]]

###########################################

4_5_1:
Y_d_1:
[[0. 0. 1.]
 [1. 0. 0.]
 [0. 0. 0.]]

Y_d_2:
[[0. 1. 0.]
 [0. 0. 0.]
 [0. 0. 1.]]

###########################################

4_5_2:
Y_d_1:
[[0. 1. 0.]
 [0. 0. 0.]
 [0. 0. 1.]]

Y_d_2:
[[0. 0. 1.]
 [1. 0. 0.]
 [0. 0. 0.]]

###########################################

4_5_3:
Y_d_1:
[[0. 1. 0.]
 [1. 0. 0.]
 [0. 0. 1.]]

Y_d_2:
[[0. 0. 1.]
 [0. 0. 0.]
 [0. 0. 0.]]

###########################################

##############################################################################################################

5_0:
[[0 1 1]
 [1 0 1]
 [0 1 0]]

DECOMPOSITIONS:

5_0_0:
Y_d_1:
[[0. 0. 1.]
 [1. 0. 0.]
 [0. 1. 0.]]

Y_d_2:
[[0. 1. 0.]
 [0. 0. 1.]
 [0. 0. 0.]]

###########################################

##############################################################################################################

5_1:
[[0 1 1]
 [0 0 1]
 [1 1 0]]

DECOMPOSITIONS:

5_1_0:
Y_d_1:
[[0. 0. 1.]
 [0. 0. 0.]
 [0. 1. 0.]]

Y_d_2:
[[0. 1. 0.]
 [0. 0. 1.]
 [1. 0. 0.]]

###########################################

##############################################################################################################

CONDENSED VIEW OF LIST:
LABELS FOR THE 4TH ROW:

1 -> BARE MASS TERM
2 -> COUPLINGS TO SINGLET SCALAR S
3 -> COUPLINGS TO CONJUNGATE SINGLET SCALAR S*

IF THERE IS NO LABEL, THEN ALL POSSIBLE COMBINATIONS OF COUPLINGS ARE POSSIBLE

CASE 1:
M_u: 4_0_0          4th_row = [3, 0]/[3, 1]                           M_d: 5_0_0
#####################################

CASE 2:
M_u: 4_0_0          4th_row = [3, 0]/[3, 1]                           M_d: 5_1_0
#####################################

CASE 3:
M_u: 4_0_0          4th_row = [3, 0]/[3, 2]                           M_d: 5_1_0
#####################################

CASE 4:
M_u: 4_0_0          4th_row = [3, 0]/[3, 2]                           M_d: 5_0_0
#####################################

CASE 5:
M_u: 5_0_0          4th_row = [3, 1]/[3, 3]                           M_d: 4_0_0
M_u: 5_0_0          4th_row = [3, 1]/[3, 3]                           M_d: 4_0_1
M_u: 5_0_1          4th_row = [3, 1]/[3, 3]                           M_d: 4_0_2
M_u: 5_0_1          4th_row = [3, 1]/[3, 3]                           M_d: 4_0_3
#####################################

CASE 6:
M_u: 5_1_0          4th_row = [3, 0]/[3, 1]                           M_d: 4_0_0
#####################################

CASE 7:
M_u: 5_0_0          4th_row = [3, 1]/[3, 3]                           M_d: 4_1_0
M_u: 5_0_0          4th_row = [3, 1]/[3, 3]                           M_d: 4_1_1
M_u: 5_0_1          4th_row = [3, 1]/[3, 3]                           M_d: 4_1_2
M_u: 5_0_1          4th_row = [3, 1]/[3, 3]                           M_d: 4_1_3
#####################################

CASE 8:
M_u: 6_0_0          4th_row = [3, 1]                                  M_d: 4_2_0
#####################################

CASE 9:
M_u: 5_1_0          4th_row = [3, 0]/[3, 1]                           M_d: 4_3_0
#####################################

CASE 10:
M_u: 5_2_0          4th_row = [3, 1]/[3, 3]                           M_d: 4_3_1
M_u: 5_2_0          4th_row = [3, 1]/[3, 3]                           M_d: 4_3_0
M_u: 5_2_1          4th_row = [3, 1]/[3, 3]                           M_d: 4_3_1
M_u: 5_2_1          4th_row = [3, 1]/[3, 3]                           M_d: 4_3_0
#####################################

CASE 11:
M_u: 5_2_0          4th_row = [3, 1]/[3, 2]                           M_d: 4_4_0
M_u: 5_2_0          4th_row = [3, 1]/[3, 2]                           M_d: 4_4_1
M_u: 5_2_1          4th_row = [3, 1]/[3, 2]                           M_d: 4_4_0
M_u: 5_2_1          4th_row = [3, 1]/[3, 2]                           M_d: 4_4_1
#####################################

CASE 12:
M_u: 5_2_0          4th_row = [3, 1]/[3, 2]                           M_d: 4_3_1
M_u: 5_2_0          4th_row = [3, 1]/[3, 2]                           M_d: 4_3_0
M_u: 5_2_1          4th_row = [3, 1]/[3, 2]                           M_d: 4_3_1
M_u: 5_2_1          4th_row = [3, 1]/[3, 2]                           M_d: 4_3_0
#####################################

CASE 13:
M_u: 4_0_1          4th_row = [3, 0]/[3, 2]/[3, 3]                    M_d: 4_2_1
M_u: 4_0_1          4th_row = [3, 0]/[3, 2]/[3, 3]                    M_d: 4_2_2
M_u: 4_0_0          4th_row = [3, 0]/[3, 2]/[3, 3]                    M_d: 4_2_3
M_u: 4_0_0          4th_row = [3, 0]/[3, 2]/[3, 3]                    M_d: 4_2_0
#####################################

CASE 14:
M_u: 6_0_0          4th_row = [3, 1]                                  M_d: 4_4_0
#####################################

CASE 15:
M_u: 4_1_0          4th_row = [3, 1](2)/[3, 2](1)/[3, 3](3)           M_d: 4_4_0
M_u: 4_1_0          4th_row = [3, 1](2)/[3, 2](1)/[3, 3](3)           M_d: 4_4_1
M_u: 4_1_0          4th_row = [3, 1](2)/[3, 2](3)/[3, 3](1)           M_d: 4_4_0
M_u: 4_1_0          4th_row = [3, 1](2)/[3, 2](3)/[3, 3](1)           M_d: 4_4_1
M_u: 4_1_1          4th_row = [3, 1](2)/[3, 2](1)/[3, 3](3)           M_d: 4_4_0
M_u: 4_1_1          4th_row = [3, 1](2)/[3, 2](1)/[3, 3](3)           M_d: 4_4_1
M_u: 4_1_1          4th_row = [3, 1](2)/[3, 2](3)/[3, 3](1)           M_d: 4_4_0
M_u: 4_1_1          4th_row = [3, 1](2)/[3, 2](3)/[3, 3](1)           M_d: 4_4_1
#####################################

CASE 16:
M_u: 5_0_0          4th_row = [3, 2]/[3, 3]                           M_d: 4_0_0
M_u: 5_0_0          4th_row = [3, 2]/[3, 3]                           M_d: 4_0_1
M_u: 5_0_1          4th_row = [3, 2]/[3, 3]                           M_d: 4_0_2
M_u: 5_0_1          4th_row = [3, 2]/[3, 3]                           M_d: 4_0_3
#####################################

CASE 17:
M_u: 4_0_0          4th_row = [3, 0]/[3, 1]/[3, 2]                    M_d: 4_4_0
#####################################

CASE 18:
M_u: 5_2_0          4th_row = [3, 1]/[3, 3]                           M_d: 4_4_0
M_u: 5_2_0          4th_row = [3, 1]/[3, 3]                           M_d: 4_4_1
M_u: 5_2_1          4th_row = [3, 1]/[3, 3]                           M_d: 4_4_0
M_u: 5_2_1          4th_row = [3, 1]/[3, 3]                           M_d: 4_4_1
#####################################

CASE 19:
M_u: 4_0_1          4th_row = [3, 0]/[3, 1]/[3, 2]                    M_d: 4_2_1
M_u: 4_0_1          4th_row = [3, 0]/[3, 1]/[3, 2]                    M_d: 4_2_2
M_u: 4_0_0          4th_row = [3, 0]/[3, 1]/[3, 2]                    M_d: 4_2_3
M_u: 4_0_0          4th_row = [3, 0]/[3, 1]/[3, 2]                    M_d: 4_2_0
#####################################

CASE 20:
M_u: 4_0_1          4th_row = [3, 0]/[3, 1]/[3, 2]                    M_d: 4_5_0
M_u: 4_0_1          4th_row = [3, 0]/[3, 1]/[3, 2]                    M_d: 4_5_1
M_u: 4_0_0          4th_row = [3, 0]/[3, 1]/[3, 2]                    M_d: 4_5_2
M_u: 4_0_0          4th_row = [3, 0]/[3, 1]/[3, 2]                    M_d: 4_5_3
#####################################

CASE 21:
M_u: 4_0_1          4th_row = [3, 0]/[3, 2]/[3, 3]                    M_d: 4_5_0
M_u: 4_0_1          4th_row = [3, 0]/[3, 2]/[3, 3]                    M_d: 4_5_1
M_u: 4_0_0          4th_row = [3, 0]/[3, 2]/[3, 3]                    M_d: 4_5_2
M_u: 4_0_0          4th_row = [3, 0]/[3, 2]/[3, 3]                    M_d: 4_5_3
#####################################

CASE 22:
M_u: 5_2_0          4th_row = [3, 1](1)/[3, 2](2)/[3, 3](3)           M_d: 3_0_0
M_u: 5_2_0          4th_row = [3, 1](1)/[3, 2](2)/[3, 3](3)           M_d: 3_0_1
M_u: 5_2_1          4th_row = [3, 1](1)/[3, 2](2)/[3, 3](3)           M_d: 3_0_0
M_u: 5_2_1          4th_row = [3, 1](1)/[3, 2](2)/[3, 3](3)           M_d: 3_0_1
M_u: 5_2_1          4th_row = [3, 1](2)/[3, 2](1)/[3, 3](3)           M_d: 3_0_0
M_u: 5_2_1          4th_row = [3, 1](2)/[3, 2](1)/[3, 3](3)           M_d: 3_0_1
#####################################

CASE 23:
M_u: 5_0_0          4th_row = [3, 1](1)/[3, 2](2)/[3, 3](3)           M_d: 3_0_2
M_u: 5_0_0          4th_row = [3, 1](1)/[3, 2](2)/[3, 3](3)           M_d: 3_0_3
M_u: 5_0_0          4th_row = [3, 1](2)/[3, 2](3)/[3, 3](1)           M_d: 3_0_2
M_u: 5_0_0          4th_row = [3, 1](2)/[3, 2](3)/[3, 3](1)           M_d: 3_0_3
M_u: 5_0_1          4th_row = [3, 1](2)/[3, 2](3)/[3, 3](1)           M_d: 3_0_0
M_u: 5_0_1          4th_row = [3, 1](2)/[3, 2](3)/[3, 3](1)           M_d: 3_0_4
#####################################


THERE ARE IN TOTAL 23 MAXIMALLY RESTRICTIVE PAIRS OF TEXTURE ZEROS REALIZABLE WITH 2HDM + ABELIAN SYMMETRY (AFTER MINUIT). 

