LIST OF MAXIMALLY RESTRICTIVE PAIRS OF TEXTURE ZEROS (AFTER MINUIT) WITHOUT DEGREES OF FREEDOM:

1 = REAL ENTRY
2 = COMPLEX ENTRY
N = NUMBER OF PHYSICAL PARAMETERS

PAIRS WITH (11,3) TEXTURE ZEROS FOR (M_u, M_d):

M_u:
[[0. 0. 0. 1.]
 [0. 0. 1. 0.]
 [0. 1. 0. 0.]
 [1. 0. 0. 1.]]

M_d:
[[0. 1. 1.]
 [0. 1. 2.]
 [1. 0. 1.]]

N = 12

====================

M_u:
[[0. 0. 0. 1.]
 [0. 0. 1. 0.]
 [1. 1. 0. 0.]
 [0. 1. 0. 0.]]

M_d:
[[0. 0. 1.]
 [0. 1. 1.]
 [1. 1. 2.]]

N = 12

====================

M_u:
[[0. 0. 0. 1.]
 [0. 0. 1. 0.]
 [0. 1. 0. 0.]
 [1. 0. 0. 1.]]

M_d:
[[0. 1. 1.]
 [1. 0. 1.]
 [1. 0. 2.]]

N = 12

====================

M_u:
[[0. 0. 0. 1.]
 [0. 0. 1. 0.]
 [1. 1. 0. 0.]
 [0. 1. 0. 0.]]

M_d:
[[0. 0. 1.]
 [1. 1. 1.]
 [0. 1. 2.]]

N = 12

====================

M_u:
[[0. 0. 0. 1.]
 [0. 0. 1. 0.]
 [0. 1. 0. 0.]
 [1. 0. 0. 1.]]

M_d:
[[1. 1. 1.]
 [0. 0. 1.]
 [0. 1. 2.]]

N = 12

====================

M_u:
[[0. 0. 0. 1.]
 [0. 0. 1. 0.]
 [1. 1. 0. 0.]
 [0. 1. 0. 0.]]

M_d:
[[0. 1. 1.]
 [1. 0. 1.]
 [0. 1. 2.]]

N = 12

====================

M_u:
[[0. 0. 0. 1.]
 [0. 0. 1. 0.]
 [0. 1. 0. 0.]
 [1. 0. 0. 1.]]

M_d:
[[0. 0. 1.]
 [0. 1. 1.]
 [1. 1. 2.]]

N = 12

====================

M_u:
[[0. 0. 0. 1.]
 [0. 0. 1. 0.]
 [1. 1. 0. 0.]
 [0. 1. 0. 0.]]

M_d:
[[0. 1. 1.]
 [1. 1. 2.]
 [0. 0. 1.]]

N = 12

====================

M_u:
[[0. 0. 0. 1.]
 [0. 0. 1. 0.]
 [0. 1. 0. 0.]
 [1. 0. 0. 1.]]

M_d:
[[0. 1. 1.]
 [0. 0. 1.]
 [1. 1. 2.]]

N = 12

====================

M_u:
[[0. 0. 0. 1.]
 [0. 0. 1. 0.]
 [1. 1. 0. 0.]
 [0. 1. 0. 0.]]

M_d:
[[0. 1. 1.]
 [0. 1. 2.]
 [1. 0. 1.]]

N = 12

====================

THERE ARE 10 PAIRS WITH (11,3) TEXTURE ZEROS

PAIRS WITH (10,4) TEXTURE ZEROS FOR (M_u, M_d):

M_u:
[[0. 0. 0. 1.]
 [0. 0. 1. 0.]
 [0. 1. 0. 0.]
 [1. 0. 1. 1.]]

M_d:
[[0. 0. 1.]
 [0. 1. 2.]
 [1. 0. 1.]]

N = 12

====================

M_u:
[[0. 0. 0. 1.]
 [0. 0. 1. 0.]
 [1. 1. 0. 0.]
 [0. 1. 0. 1.]]

M_d:
[[0. 1. 1.]
 [1. 0. 1.]
 [0. 0. 2.]]

N = 12

====================

M_u:
[[0. 0. 0. 1.]
 [0. 0. 1. 0.]
 [1. 1. 0. 0.]
 [0. 1. 0. 1.]]

M_d:
[[0. 0. 1.]
 [0. 1. 1.]
 [1. 0. 2.]]

N = 12

====================

M_u:
[[0. 0. 0. 1.]
 [0. 0. 1. 0.]
 [0. 1. 0. 1.]
 [1. 1. 0. 0.]]

M_d:
[[0. 1. 1.]
 [0. 0. 1.]
 [1. 0. 2.]]

N = 12

====================

M_u:
[[0. 0. 0. 1.]
 [0. 0. 1. 0.]
 [1. 1. 0. 0.]
 [0. 1. 0. 1.]]

M_d:
[[0. 0. 1.]
 [1. 1. 1.]
 [0. 2. 0.]]

N = 12

====================

M_u:
[[0. 0. 0. 1.]
 [0. 0. 1. 0.]
 [1. 1. 0. 1.]
 [0. 1. 0. 0.]]

M_d:
[[0. 1. 1.]
 [1. 0. 1.]
 [2. 0. 0.]]

N = 12

====================

M_u:
[[0. 0. 0. 1.]
 [0. 1. 1. 0.]
 [1. 0. 1. 0.]
 [0. 1. 0. 0.]]

M_d:
[[1. 1. 1.]
 [0. 0. 1.]
 [0. 2. 0.]]

N = 12

====================

M_u:
[[0. 0. 0. 1.]
 [0. 0. 1. 0.]
 [0. 1. 0. 1.]
 [1. 1. 0. 0.]]

M_d:
[[0. 1. 1.]
 [1. 0. 1.]
 [0. 2. 0.]]

N = 12

====================

M_u:
[[0. 0. 0. 1.]
 [0. 0. 1. 0.]
 [1. 1. 0. 0.]
 [0. 1. 0. 1.]]

M_d:
[[0. 1. 1.]
 [0. 0. 1.]
 [1. 2. 0.]]

N = 12

====================

M_u:
[[0. 0. 0. 1.]
 [0. 1. 1. 0.]
 [1. 0. 1. 0.]
 [0. 1. 0. 0.]]

M_d:
[[0. 0. 1.]
 [1. 1. 0.]
 [0. 2. 1.]]

N = 12

====================

M_u:
[[0. 0. 0. 1.]
 [0. 0. 1. 0.]
 [1. 1. 0. 0.]
 [0. 1. 0. 1.]]

M_d:
[[0. 1. 1.]
 [1. 0. 1.]
 [0. 2. 0.]]

N = 12

====================

M_u:
[[0. 0. 0. 1.]
 [0. 1. 1. 0.]
 [1. 0. 1. 0.]
 [0. 1. 0. 0.]]

M_d:
[[0. 1. 1.]
 [1. 0. 0.]
 [2. 0. 1.]]

N = 12

====================

M_u:
[[0. 0. 0. 1.]
 [0. 0. 1. 0.]
 [0. 1. 0. 0.]
 [1. 0. 1. 1.]]

M_d:
[[0. 1. 1.]
 [1. 0. 2.]
 [0. 0. 1.]]

N = 12

====================

M_u:
[[0. 0. 0. 1.]
 [0. 0. 1. 0.]
 [0. 1. 0. 0.]
 [1. 0. 1. 1.]]

M_d:
[[0. 0. 1.]
 [1. 1. 0.]
 [0. 1. 2.]]

N = 12

====================

M_u:
[[0. 0. 0. 1.]
 [0. 0. 1. 0.]
 [1. 1. 0. 0.]
 [0. 1. 0. 1.]]

M_d:
[[0. 1. 1.]
 [1. 0. 1.]
 [2. 0. 0.]]

N = 12

====================

M_u:
[[0. 0. 0. 1.]
 [0. 0. 1. 0.]
 [1. 1. 0. 1.]
 [0. 1. 0. 0.]]

M_d:
[[0. 1. 1.]
 [0. 0. 1.]
 [1. 2. 0.]]

N = 12

====================

M_u:
[[0. 0. 0. 1.]
 [0. 0. 1. 0.]
 [0. 1. 0. 1.]
 [1. 1. 0. 0.]]

M_d:
[[0. 1. 1.]
 [0. 0. 1.]
 [1. 2. 0.]]

N = 12

====================

M_u:
[[0. 0. 0. 1.]
 [0. 0. 1. 0.]
 [1. 1. 0. 1.]
 [0. 1. 0. 0.]]

M_d:
[[0. 1. 1.]
 [1. 0. 1.]
 [0. 2. 0.]]

N = 12

====================

M_u:
[[0. 0. 0. 1.]
 [0. 0. 1. 0.]
 [1. 1. 0. 1.]
 [0. 1. 0. 0.]]

M_d:
[[1. 1. 1.]
 [0. 0. 1.]
 [0. 2. 0.]]

N = 12

====================

M_u:
[[0. 0. 0. 1.]
 [0. 1. 1. 0.]
 [1. 0. 1. 0.]
 [0. 1. 0. 0.]]

M_d:
[[0. 0. 1.]
 [0. 1. 0.]
 [1. 2. 1.]]

N = 12

====================

M_u:
[[0. 0. 0. 1.]
 [0. 0. 1. 0.]
 [0. 1. 0. 1.]
 [1. 1. 0. 0.]]

M_d:
[[1. 1. 1.]
 [0. 0. 1.]
 [0. 2. 0.]]

N = 12

====================

M_u:
[[0. 0. 0. 1.]
 [0. 0. 1. 1.]
 [1. 1. 0. 0.]
 [0. 1. 0. 0.]]

M_d:
[[0. 0. 1.]
 [0. 1. 2.]
 [1. 1. 0.]]

N = 12

====================

M_u:
[[0. 0. 0. 1.]
 [0. 0. 1. 0.]
 [0. 1. 0. 1.]
 [1. 0. 1. 0.]]

M_d:
[[0. 1. 1.]
 [1. 0. 1.]
 [0. 0. 2.]]

N = 12

====================

M_u:
[[0. 0. 0. 1.]
 [0. 0. 1. 0.]
 [0. 1. 0. 1.]
 [1. 0. 1. 0.]]

M_d:
[[0. 0. 1.]
 [0. 1. 1.]
 [1. 0. 2.]]

N = 12

====================

M_u:
[[0. 0. 0. 1.]
 [0. 0. 1. 0.]
 [0. 1. 0. 1.]
 [1. 0. 1. 0.]]

M_d:
[[0. 1. 1.]
 [1. 0. 1.]
 [2. 0. 0.]]

N = 12

====================

M_u:
[[0. 0. 0. 1.]
 [0. 0. 1. 1.]
 [1. 1. 0. 0.]
 [0. 1. 0. 0.]]

M_d:
[[0. 1. 1.]
 [1. 0. 2.]
 [0. 0. 1.]]

N = 12

====================

M_u:
[[0. 0. 0. 1.]
 [0. 0. 1. 0.]
 [0. 1. 0. 1.]
 [1. 0. 1. 0.]]

M_d:
[[0. 1. 1.]
 [1. 0. 0.]
 [1. 0. 2.]]

N = 12

====================

M_u:
[[0. 0. 0. 1.]
 [0. 0. 1. 1.]
 [1. 1. 0. 0.]
 [0. 1. 0. 0.]]

M_d:
[[0. 0. 1.]
 [1. 1. 0.]
 [0. 1. 2.]]

N = 12

====================

M_u:
[[0. 0. 0. 1.]
 [0. 0. 1. 1.]
 [1. 1. 0. 0.]
 [0. 1. 0. 0.]]

M_d:
[[0. 1. 1.]
 [0. 0. 2.]
 [1. 1. 0.]]

N = 12

====================

M_u:
[[0. 0. 0. 1.]
 [0. 0. 1. 0.]
 [0. 1. 0. 1.]
 [1. 0. 1. 0.]]

M_d:
[[0. 0. 1.]
 [0. 1. 1.]
 [1. 2. 0.]]

N = 12

====================

M_u:
[[0. 0. 0. 1.]
 [0. 0. 1. 1.]
 [1. 1. 0. 0.]
 [0. 1. 0. 0.]]

M_d:
[[0. 1. 1.]
 [1. 0. 2.]
 [1. 0. 0.]]

N = 12

====================

M_u:
[[0. 0. 0. 1.]
 [0. 0. 1. 1.]
 [1. 1. 0. 0.]
 [0. 1. 0. 0.]]

M_d:
[[0. 0. 1.]
 [0. 1. 0.]
 [1. 1. 2.]]

N = 12

====================

M_u:
[[0. 0. 0. 1.]
 [0. 0. 1. 1.]
 [1. 1. 0. 0.]
 [0. 1. 0. 0.]]

M_d:
[[0. 1. 1.]
 [1. 0. 2.]
 [0. 1. 0.]]

N = 12

====================

M_u:
[[0. 0. 0. 1.]
 [0. 0. 1. 1.]
 [1. 1. 0. 0.]
 [0. 1. 0. 0.]]

M_d:
[[0. 1. 1.]
 [0. 0. 2.]
 [1. 0. 1.]]

N = 12

====================

M_u:
[[0. 0. 0. 1.]
 [0. 0. 1. 1.]
 [1. 1. 0. 0.]
 [0. 1. 0. 0.]]

M_d:
[[0. 0. 1.]
 [0. 1. 2.]
 [1. 0. 1.]]

N = 12

====================

M_u:
[[0. 0. 0. 1.]
 [0. 0. 1. 1.]
 [1. 1. 0. 0.]
 [0. 1. 0. 0.]]

M_d:
[[1. 1. 1.]
 [0. 0. 2.]
 [0. 1. 0.]]

N = 12

====================

M_u:
[[0. 0. 0. 1.]
 [0. 0. 1. 0.]
 [0. 1. 0. 1.]
 [1. 0. 1. 0.]]

M_d:
[[0. 1. 1.]
 [0. 0. 1.]
 [1. 2. 0.]]

N = 12

====================

M_u:
[[0. 0. 0. 1.]
 [0. 1. 1. 0.]
 [1. 0. 1. 0.]
 [0. 1. 0. 0.]]

M_d:
[[0. 1. 1.]
 [1. 0. 1.]
 [0. 2. 0.]]

N = 12

====================

M_u:
[[0. 0. 0. 1.]
 [0. 0. 1. 0.]
 [0. 1. 0. 1.]
 [1. 1. 0. 0.]]

M_d:
[[0. 0. 1.]
 [0. 1. 1.]
 [1. 2. 0.]]

N = 12

====================

M_u:
[[0. 0. 0. 1.]
 [0. 0. 1. 0.]
 [1. 1. 0. 1.]
 [0. 1. 0. 0.]]

M_d:
[[0. 0. 1.]
 [1. 1. 1.]
 [0. 2. 0.]]

N = 12

====================

M_u:
[[0. 0. 0. 1.]
 [0. 0. 1. 0.]
 [0. 1. 0. 1.]
 [1. 1. 0. 0.]]

M_d:
[[0. 1. 1.]
 [1. 0. 1.]
 [2. 0. 0.]]

N = 12

====================

M_u:
[[0. 0. 0. 1.]
 [0. 1. 1. 0.]
 [1. 0. 1. 0.]
 [0. 1. 0. 0.]]

M_d:
[[0. 1. 1.]
 [0. 0. 1.]
 [1. 2. 0.]]

N = 12

====================

M_u:
[[0. 0. 0. 1.]
 [0. 0. 1. 0.]
 [0. 1. 0. 1.]
 [1. 1. 0. 0.]]

M_d:
[[0. 0. 1.]
 [1. 1. 1.]
 [0. 2. 0.]]

N = 12

====================

M_u:
[[0. 0. 0. 1.]
 [0. 0. 1. 0.]
 [0. 1. 0. 1.]
 [1. 0. 1. 0.]]

M_d:
[[0. 0. 1.]
 [0. 1. 0.]
 [1. 1. 2.]]

N = 12

====================

M_u:
[[0. 0. 0. 1.]
 [0. 0. 1. 0.]
 [0. 1. 0. 1.]
 [1. 0. 1. 0.]]

M_d:
[[0. 1. 1.]
 [0. 0. 1.]
 [1. 0. 2.]]

N = 12

====================

M_u:
[[0. 0. 0. 1.]
 [0. 0. 1. 1.]
 [1. 1. 0. 0.]
 [0. 1. 0. 0.]]

M_d:
[[0. 0. 1.]
 [1. 1. 2.]
 [0. 1. 0.]]

N = 12

====================

M_u:
[[0. 0. 0. 1.]
 [0. 0. 1. 0.]
 [0. 1. 0. 1.]
 [1. 0. 1. 0.]]

M_d:
[[0. 1. 1.]
 [1. 0. 1.]
 [0. 2. 0.]]

N = 12

====================

M_u:
[[0. 0. 0. 1.]
 [0. 0. 1. 0.]
 [0. 1. 0. 1.]
 [1. 0. 1. 0.]]

M_d:
[[1. 1. 1.]
 [0. 0. 1.]
 [0. 2. 0.]]

N = 12

====================

M_u:
[[0. 0. 0. 1.]
 [0. 0. 1. 0.]
 [1. 1. 0. 0.]
 [0. 1. 0. 1.]]

M_d:
[[1. 1. 1.]
 [0. 0. 1.]
 [0. 2. 0.]]

N = 12

====================

M_u:
[[0. 0. 0. 1.]
 [0. 0. 1. 0.]
 [0. 1. 0. 1.]
 [1. 0. 1. 0.]]

M_d:
[[0. 0. 1.]
 [1. 1. 1.]
 [0. 2. 0.]]

N = 12

====================

M_u:
[[0. 0. 0. 1.]
 [0. 0. 1. 0.]
 [1. 1. 0. 0.]
 [0. 1. 0. 1.]]

M_d:
[[0. 1. 1.]
 [1. 0. 0.]
 [1. 0. 2.]]

N = 12

====================

M_u:
[[0. 0. 0. 1.]
 [0. 0. 1. 0.]
 [1. 1. 0. 1.]
 [0. 1. 0. 0.]]

M_d:
[[0. 1. 1.]
 [0. 0. 1.]
 [1. 0. 2.]]

N = 12

====================

M_u:
[[0. 0. 0. 1.]
 [0. 0. 1. 0.]
 [0. 1. 0. 0.]
 [1. 0. 1. 1.]]

M_d:
[[0. 0. 1.]
 [1. 1. 2.]
 [0. 1. 0.]]

N = 12

====================

M_u:
[[0. 0. 0. 1.]
 [0. 0. 1. 0.]
 [1. 1. 0. 1.]
 [0. 1. 0. 0.]]

M_d:
[[0. 1. 1.]
 [1. 0. 1.]
 [0. 0. 2.]]

N = 12

====================

M_u:
[[0. 0. 0. 1.]
 [0. 0. 1. 0.]
 [0. 1. 0. 1.]
 [1. 1. 0. 0.]]

M_d:
[[0. 1. 1.]
 [1. 0. 1.]
 [0. 0. 2.]]

N = 12

====================

M_u:
[[0. 0. 0. 1.]
 [0. 1. 1. 0.]
 [1. 0. 1. 0.]
 [0. 1. 0. 0.]]

M_d:
[[0. 1. 1.]
 [0. 0. 1.]
 [1. 0. 2.]]

N = 12

====================

M_u:
[[0. 0. 0. 1.]
 [0. 0. 1. 0.]
 [1. 1. 0. 0.]
 [0. 1. 0. 1.]]

M_d:
[[0. 0. 1.]
 [1. 1. 0.]
 [0. 1. 2.]]

N = 12

====================

M_u:
[[0. 0. 0. 1.]
 [0. 1. 1. 0.]
 [1. 0. 1. 0.]
 [0. 1. 0. 0.]]

M_d:
[[0. 0. 1.]
 [0. 1. 1.]
 [1. 0. 2.]]

N = 12

====================

M_u:
[[0. 0. 0. 1.]
 [0. 0. 1. 0.]
 [0. 1. 0. 0.]
 [1. 0. 1. 1.]]

M_d:
[[0. 0. 1.]
 [0. 1. 0.]
 [1. 1. 2.]]

N = 12

====================

M_u:
[[0. 0. 0. 1.]
 [0. 0. 1. 0.]
 [0. 1. 0. 1.]
 [1. 0. 1. 0.]]

M_d:
[[0. 0. 1.]
 [1. 1. 0.]
 [0. 1. 2.]]

N = 12

====================

M_u:
[[0. 0. 0. 1.]
 [0. 0. 1. 0.]
 [1. 1. 0. 0.]
 [0. 1. 0. 1.]]

M_d:
[[0. 1. 1.]
 [0. 0. 1.]
 [1. 0. 2.]]

N = 12

====================

M_u:
[[0. 0. 0. 1.]
 [0. 0. 1. 0.]
 [0. 1. 0. 0.]
 [1. 0. 1. 1.]]

M_d:
[[0. 0. 1.]
 [0. 1. 2.]
 [1. 1. 0.]]

N = 12

====================

M_u:
[[0. 0. 0. 1.]
 [0. 0. 1. 1.]
 [1. 1. 0. 0.]
 [0. 1. 0. 0.]]

M_d:
[[0. 1. 1.]
 [1. 0. 0.]
 [1. 0. 2.]]

N = 12

====================

M_u:
[[0. 0. 0. 1.]
 [0. 0. 1. 0.]
 [1. 1. 0. 0.]
 [0. 1. 0. 1.]]

M_d:
[[0. 0. 1.]
 [0. 1. 0.]
 [1. 1. 2.]]

N = 12

====================

M_u:
[[0. 0. 0. 1.]
 [0. 0. 1. 0.]
 [0. 1. 0. 0.]
 [1. 0. 1. 1.]]

M_d:
[[0. 1. 1.]
 [1. 0. 2.]
 [0. 1. 0.]]

N = 12

====================

M_u:
[[0. 0. 0. 1.]
 [0. 0. 1. 0.]
 [1. 1. 0. 0.]
 [0. 1. 0. 1.]]

M_d:
[[0. 0. 1.]
 [0. 1. 1.]
 [1. 2. 0.]]

N = 12

====================

M_u:
[[0. 0. 0. 1.]
 [0. 0. 1. 0.]
 [1. 1. 0. 1.]
 [0. 1. 0. 0.]]

M_d:
[[0. 0. 1.]
 [0. 1. 1.]
 [1. 2. 0.]]

N = 12

====================

THERE ARE 67 PAIRS WITH (10,4) TEXTURE ZEROS

PAIRS WITH (9,5) TEXTURE ZEROS FOR (M_u, M_d):

M_u:
[[0. 0. 0. 1.]
 [0. 1. 1. 0.]
 [1. 0. 1. 0.]
 [0. 1. 0. 1.]]

M_d:
[[0. 0. 1.]
 [0. 1. 0.]
 [1. 2. 0.]]

N = 12

====================

M_u:
[[0. 0. 0. 1.]
 [0. 0. 1. 1.]
 [1. 1. 0. 0.]
 [0. 1. 0. 1.]]

M_d:
[[0. 0. 1.]
 [1. 1. 0.]
 [0. 2. 0.]]

N = 12

====================

M_u:
[[0. 0. 0. 1.]
 [0. 1. 1. 0.]
 [1. 0. 1. 0.]
 [0. 1. 0. 1.]]

M_d:
[[0. 0. 1.]
 [0. 1. 0.]
 [1. 0. 2.]]

N = 12

====================

M_u:
[[0. 0. 0. 1.]
 [0. 0. 1. 0.]
 [1. 1. 0. 0.]
 [0. 1. 1. 1.]]

M_d:
[[0. 0. 1.]
 [0. 1. 0.]
 [1. 0. 2.]]

N = 12

====================

M_u:
[[0. 0. 0. 1.]
 [0. 0. 1. 1.]
 [0. 1. 1. 0.]
 [1. 1. 0. 0.]]

M_d:
[[0. 0. 1.]
 [0. 1. 0.]
 [1. 2. 0.]]

N = 12

====================

M_u:
[[0. 0. 0. 1.]
 [0. 1. 1. 0.]
 [1. 0. 1. 1.]
 [0. 1. 0. 0.]]

M_d:
[[0. 0. 1.]
 [1. 1. 0.]
 [0. 2. 0.]]

N = 12

====================

M_u:
[[0. 0. 0. 1.]
 [0. 1. 1. 0.]
 [1. 0. 1. 1.]
 [0. 1. 0. 0.]]

M_d:
[[0. 0. 1.]
 [0. 1. 0.]
 [1. 2. 0.]]

N = 12

====================

M_u:
[[0. 0. 0. 1.]
 [0. 0. 1. 1.]
 [0. 1. 1. 0.]
 [1. 1. 0. 0.]]

M_d:
[[0. 0. 1.]
 [1. 1. 0.]
 [0. 2. 0.]]

N = 12

====================

M_u:
[[0. 0. 0. 1.]
 [0. 0. 1. 1.]
 [1. 1. 1. 0.]
 [0. 1. 0. 0.]]

M_d:
[[0. 0. 1.]
 [0. 1. 0.]
 [1. 0. 2.]]

N = 12

====================

M_u:
[[0. 0. 1. 1.]
 [0. 1. 0. 1.]
 [1. 0. 1. 0.]
 [0. 1. 0. 0.]]

M_d:
[[0. 0. 1.]
 [0. 1. 0.]
 [1. 2. 0.]]

N = 12

====================

M_u:
[[0. 0. 0. 1.]
 [0. 0. 1. 1.]
 [0. 1. 1. 0.]
 [1. 1. 0. 0.]]

M_d:
[[0. 1. 1.]
 [1. 0. 0.]
 [0. 0. 2.]]

N = 12

====================

M_u:
[[0. 0. 1. 1.]
 [0. 1. 0. 1.]
 [1. 0. 1. 0.]
 [0. 1. 0. 0.]]

M_d:
[[0. 1. 1.]
 [0. 0. 2.]
 [1. 0. 0.]]

N = 12

====================

M_u:
[[0. 0. 0. 1.]
 [0. 1. 1. 0.]
 [1. 0. 1. 0.]
 [0. 1. 0. 1.]]

M_d:
[[0. 0. 1.]
 [1. 1. 0.]
 [0. 2. 0.]]

N = 12

====================

M_u:
[[0. 0. 0. 1.]
 [0. 0. 1. 1.]
 [1. 1. 0. 0.]
 [0. 1. 1. 0.]]

M_d:
[[0. 0. 1.]
 [1. 1. 0.]
 [0. 2. 0.]]

N = 12

====================

M_u:
[[0. 0. 0. 1.]
 [0. 0. 1. 1.]
 [1. 1. 1. 0.]
 [0. 1. 0. 0.]]

M_d:
[[0. 1. 1.]
 [1. 0. 0.]
 [0. 0. 2.]]

N = 12

====================

M_u:
[[0. 0. 0. 1.]
 [0. 1. 1. 0.]
 [1. 0. 1. 1.]
 [0. 1. 0. 0.]]

M_d:
[[0. 1. 1.]
 [1. 0. 0.]
 [0. 0. 2.]]

N = 12

====================

M_u:
[[0. 0. 1. 1.]
 [0. 1. 0. 1.]
 [1. 0. 1. 0.]
 [0. 1. 0. 0.]]

M_d:
[[0. 0. 1.]
 [0. 1. 0.]
 [1. 0. 2.]]

N = 12

====================

M_u:
[[0. 0. 1. 1.]
 [0. 1. 0. 1.]
 [1. 0. 1. 0.]
 [0. 1. 0. 0.]]

M_d:
[[0. 1. 1.]
 [1. 0. 0.]
 [0. 0. 2.]]

N = 12

====================

M_u:
[[0. 0. 1. 1.]
 [0. 1. 0. 1.]
 [1. 0. 0. 1.]
 [0. 0. 1. 0.]]

M_d:
[[0. 0. 1.]
 [0. 1. 0.]
 [1. 0. 2.]]

N = 12

====================

M_u:
[[0. 0. 0. 1.]
 [0. 1. 1. 0.]
 [1. 0. 1. 1.]
 [1. 0. 0. 0.]]

M_d:
[[0. 0. 1.]
 [0. 1. 2.]
 [1. 0. 0.]]

N = 12

====================

M_u:
[[0. 0. 0. 1.]
 [0. 0. 1. 1.]
 [0. 1. 0. 1.]
 [1. 0. 1. 0.]]

M_d:
[[0. 0. 1.]
 [0. 1. 0.]
 [1. 0. 2.]]

N = 12

====================

M_u:
[[0. 0. 0. 1.]
 [0. 0. 1. 1.]
 [0. 1. 1. 0.]
 [1. 1. 0. 0.]]

M_d:
[[0. 1. 1.]
 [0. 0. 2.]
 [1. 0. 0.]]

N = 12

====================

M_u:
[[0. 0. 0. 1.]
 [0. 0. 1. 0.]
 [1. 1. 1. 1.]
 [0. 1. 0. 0.]]

M_d:
[[0. 0. 1.]
 [0. 1. 2.]
 [1. 0. 0.]]

N = 12

====================

M_u:
[[0. 0. 0. 1.]
 [0. 1. 1. 0.]
 [1. 0. 1. 1.]
 [0. 1. 0. 0.]]

M_d:
[[0. 0. 1.]
 [0. 1. 0.]
 [1. 0. 2.]]

N = 12

====================

M_u:
[[0. 0. 0. 1.]
 [0. 1. 1. 0.]
 [1. 0. 1. 1.]
 [1. 0. 0. 0.]]

M_d:
[[0. 1. 1.]
 [0. 0. 2.]
 [1. 0. 0.]]

N = 12

====================

M_u:
[[0. 0. 0. 1.]
 [0. 0. 1. 1.]
 [0. 1. 0. 1.]
 [1. 0. 1. 0.]]

M_d:
[[0. 1. 1.]
 [1. 0. 0.]
 [0. 0. 2.]]

N = 12

====================

M_u:
[[0. 0. 0. 1.]
 [0. 0. 1. 1.]
 [1. 1. 1. 0.]
 [0. 1. 0. 0.]]

M_d:
[[0. 1. 1.]
 [0. 0. 2.]
 [1. 0. 0.]]

N = 12

====================

M_u:
[[0. 0. 0. 1.]
 [0. 0. 1. 1.]
 [0. 1. 0. 1.]
 [1. 0. 1. 0.]]

M_d:
[[0. 0. 1.]
 [1. 1. 0.]
 [0. 2. 0.]]

N = 12

====================

M_u:
[[0. 0. 0. 1.]
 [0. 0. 1. 1.]
 [1. 1. 0. 1.]
 [0. 1. 0. 0.]]

M_d:
[[0. 1. 1.]
 [0. 0. 2.]
 [1. 0. 0.]]

N = 12

====================

M_u:
[[0. 0. 0. 1.]
 [0. 0. 1. 1.]
 [1. 1. 0. 1.]
 [0. 1. 0. 0.]]

M_d:
[[0. 0. 1.]
 [0. 1. 2.]
 [1. 0. 0.]]

N = 12

====================

M_u:
[[0. 0. 0. 1.]
 [0. 0. 1. 0.]
 [1. 1. 0. 1.]
 [0. 1. 1. 0.]]

M_d:
[[0. 0. 1.]
 [0. 1. 2.]
 [1. 0. 0.]]

N = 12

====================

M_u:
[[0. 0. 0. 1.]
 [0. 0. 1. 1.]
 [0. 1. 0. 1.]
 [1. 0. 1. 0.]]

M_d:
[[0. 0. 1.]
 [0. 1. 0.]
 [1. 2. 0.]]

N = 12

====================

M_u:
[[0. 0. 0. 1.]
 [0. 0. 1. 1.]
 [0. 1. 1. 0.]
 [1. 1. 0. 0.]]

M_d:
[[0. 0. 1.]
 [0. 1. 2.]
 [1. 0. 0.]]

N = 12

====================

M_u:
[[0. 0. 0. 1.]
 [0. 0. 1. 1.]
 [1. 1. 0. 1.]
 [0. 1. 0. 0.]]

M_d:
[[0. 0. 1.]
 [1. 1. 0.]
 [0. 2. 0.]]

N = 12

====================

M_u:
[[0. 0. 0. 1.]
 [0. 0. 1. 1.]
 [1. 1. 0. 1.]
 [0. 1. 0. 0.]]

M_d:
[[0. 0. 1.]
 [0. 1. 0.]
 [1. 2. 0.]]

N = 12

====================

M_u:
[[0. 0. 0. 1.]
 [0. 1. 1. 0.]
 [1. 0. 1. 0.]
 [0. 1. 0. 1.]]

M_d:
[[0. 1. 1.]
 [1. 0. 0.]
 [0. 0. 2.]]

N = 12

====================

M_u:
[[0. 0. 0. 1.]
 [0. 0. 1. 0.]
 [0. 1. 1. 1.]
 [1. 1. 0. 0.]]

M_d:
[[0. 0. 1.]
 [0. 1. 2.]
 [1. 0. 0.]]

N = 12

====================

M_u:
[[0. 0. 1. 1.]
 [0. 1. 0. 1.]
 [1. 0. 0. 1.]
 [0. 0. 1. 0.]]

M_d:
[[0. 0. 1.]
 [0. 1. 0.]
 [1. 2. 0.]]

N = 12

====================

M_u:
[[0. 0. 0. 1.]
 [0. 0. 1. 1.]
 [1. 1. 1. 0.]
 [0. 1. 0. 0.]]

M_d:
[[0. 0. 1.]
 [0. 1. 2.]
 [1. 0. 0.]]

N = 12

====================

M_u:
[[0. 0. 0. 1.]
 [0. 0. 1. 1.]
 [1. 1. 0. 0.]
 [0. 1. 0. 1.]]

M_d:
[[0. 1. 1.]
 [0. 0. 2.]
 [1. 0. 0.]]

N = 12

====================

M_u:
[[0. 0. 0. 1.]
 [0. 0. 1. 1.]
 [1. 1. 0. 0.]
 [0. 1. 1. 0.]]

M_d:
[[0. 0. 1.]
 [0. 1. 2.]
 [1. 0. 0.]]

N = 12

====================

M_u:
[[0. 0. 0. 1.]
 [0. 0. 1. 0.]
 [1. 1. 0. 1.]
 [0. 1. 1. 0.]]

M_d:
[[0. 0. 1.]
 [0. 1. 0.]
 [1. 2. 0.]]

N = 12

====================

M_u:
[[0. 0. 0. 1.]
 [0. 0. 1. 1.]
 [1. 1. 0. 0.]
 [0. 1. 1. 0.]]

M_d:
[[0. 1. 1.]
 [0. 0. 2.]
 [1. 0. 0.]]

N = 12

====================

M_u:
[[0. 0. 0. 1.]
 [0. 0. 1. 0.]
 [0. 1. 0. 1.]
 [1. 0. 1. 1.]]

M_d:
[[0. 0. 1.]
 [0. 1. 0.]
 [1. 0. 2.]]

N = 12

====================

M_u:
[[0. 0. 1. 1.]
 [0. 1. 0. 1.]
 [1. 0. 1. 0.]
 [0. 1. 0. 0.]]

M_d:
[[0. 0. 1.]
 [0. 1. 2.]
 [1. 0. 0.]]

N = 12

====================

M_u:
[[0. 0. 0. 1.]
 [0. 0. 1. 0.]
 [0. 1. 0. 1.]
 [1. 1. 1. 0.]]

M_d:
[[0. 0. 1.]
 [1. 1. 0.]
 [0. 2. 0.]]

N = 12

====================

M_u:
[[0. 0. 0. 1.]
 [0. 0. 1. 0.]
 [1. 1. 0. 1.]
 [0. 1. 1. 0.]]

M_d:
[[0. 0. 1.]
 [1. 1. 0.]
 [0. 2. 0.]]

N = 12

====================

M_u:
[[0. 0. 0. 1.]
 [0. 0. 1. 1.]
 [1. 1. 1. 0.]
 [0. 1. 0. 0.]]

M_d:
[[0. 0. 1.]
 [0. 1. 0.]
 [1. 2. 0.]]

N = 12

====================

M_u:
[[0. 0. 0. 1.]
 [0. 0. 1. 1.]
 [1. 1. 0. 0.]
 [0. 1. 1. 0.]]

M_d:
[[0. 0. 1.]
 [0. 1. 0.]
 [1. 2. 0.]]

N = 12

====================

M_u:
[[0. 0. 0. 1.]
 [0. 0. 1. 1.]
 [1. 1. 1. 0.]
 [0. 1. 0. 0.]]

M_d:
[[0. 0. 1.]
 [1. 1. 0.]
 [0. 2. 0.]]

N = 12

====================

M_u:
[[0. 0. 0. 1.]
 [0. 1. 1. 0.]
 [1. 0. 1. 1.]
 [0. 1. 0. 0.]]

M_d:
[[0. 1. 1.]
 [0. 0. 2.]
 [1. 0. 0.]]

N = 12

====================

M_u:
[[0. 0. 0. 1.]
 [0. 1. 1. 0.]
 [1. 0. 1. 1.]
 [0. 1. 0. 0.]]

M_d:
[[0. 0. 1.]
 [0. 1. 2.]
 [1. 0. 0.]]

N = 12

====================

M_u:
[[0. 0. 0. 1.]
 [0. 0. 1. 1.]
 [1. 1. 0. 0.]
 [0. 1. 1. 0.]]

M_d:
[[0. 1. 1.]
 [1. 0. 0.]
 [0. 0. 2.]]

N = 12

====================

M_u:
[[0. 0. 0. 1.]
 [0. 0. 1. 0.]
 [1. 1. 0. 1.]
 [0. 1. 1. 0.]]

M_d:
[[0. 1. 1.]
 [0. 0. 2.]
 [1. 0. 0.]]

N = 12

====================

M_u:
[[0. 0. 0. 1.]
 [0. 0. 1. 1.]
 [0. 1. 1. 0.]
 [1. 1. 0. 0.]]

M_d:
[[0. 0. 1.]
 [0. 1. 0.]
 [1. 0. 2.]]

N = 12

====================

M_u:
[[0. 0. 0. 1.]
 [0. 0. 1. 0.]
 [0. 1. 0. 1.]
 [1. 1. 1. 0.]]

M_d:
[[0. 1. 1.]
 [0. 0. 2.]
 [1. 0. 0.]]

N = 12

====================

M_u:
[[0. 0. 0. 1.]
 [0. 0. 1. 0.]
 [1. 1. 0. 0.]
 [0. 1. 1. 1.]]

M_d:
[[0. 0. 1.]
 [0. 1. 2.]
 [1. 0. 0.]]

N = 12

====================

M_u:
[[0. 0. 0. 1.]
 [0. 0. 1. 0.]
 [0. 1. 0. 1.]
 [1. 0. 1. 1.]]

M_d:
[[0. 0. 1.]
 [1. 1. 0.]
 [0. 2. 0.]]

N = 12

====================

M_u:
[[0. 0. 0. 1.]
 [0. 1. 1. 0.]
 [1. 0. 1. 0.]
 [0. 0. 1. 1.]]

M_d:
[[0. 0. 1.]
 [0. 1. 0.]
 [1. 0. 2.]]

N = 12

====================

M_u:
[[0. 0. 0. 1.]
 [0. 0. 1. 1.]
 [1. 1. 0. 0.]
 [0. 1. 0. 1.]]

M_d:
[[0. 0. 1.]
 [0. 1. 0.]
 [1. 2. 0.]]

N = 12

====================

M_u:
[[0. 0. 0. 1.]
 [0. 0. 1. 0.]
 [0. 1. 0. 1.]
 [1. 1. 1. 0.]]

M_d:
[[0. 0. 1.]
 [0. 1. 0.]
 [1. 2. 0.]]

N = 12

====================

M_u:
[[0. 0. 1. 1.]
 [0. 1. 0. 1.]
 [1. 0. 0. 1.]
 [0. 0. 1. 0.]]

M_d:
[[0. 1. 1.]
 [0. 0. 2.]
 [1. 0. 0.]]

N = 12

====================

M_u:
[[0. 0. 0. 1.]
 [0. 1. 1. 0.]
 [1. 0. 1. 0.]
 [0. 0. 1. 1.]]

M_d:
[[0. 0. 1.]
 [0. 1. 0.]
 [1. 2. 0.]]

N = 12

====================

M_u:
[[0. 0. 0. 1.]
 [0. 1. 1. 0.]
 [1. 0. 1. 0.]
 [0. 1. 0. 1.]]

M_d:
[[0. 1. 1.]
 [0. 0. 2.]
 [1. 0. 0.]]

N = 12

====================

M_u:
[[0. 0. 1. 1.]
 [0. 1. 0. 1.]
 [1. 0. 1. 0.]
 [0. 1. 0. 0.]]

M_d:
[[0. 0. 1.]
 [1. 1. 0.]
 [0. 2. 0.]]

N = 12

====================

M_u:
[[0. 0. 0. 1.]
 [0. 0. 1. 0.]
 [0. 1. 0. 1.]
 [1. 1. 1. 0.]]

M_d:
[[0. 0. 1.]
 [0. 1. 2.]
 [1. 0. 0.]]

N = 12

====================

M_u:
[[0. 0. 0. 1.]
 [0. 0. 1. 0.]
 [0. 1. 0. 0.]
 [1. 1. 1. 1.]]

M_d:
[[0. 0. 1.]
 [0. 1. 0.]
 [1. 0. 2.]]

N = 12

====================

M_u:
[[0. 0. 0. 1.]
 [0. 0. 1. 1.]
 [1. 1. 0. 0.]
 [0. 1. 0. 1.]]

M_d:
[[0. 0. 1.]
 [0. 1. 2.]
 [1. 0. 0.]]

N = 12

====================

M_u:
[[0. 0. 0. 1.]
 [0. 1. 1. 0.]
 [1. 0. 1. 0.]
 [0. 1. 0. 1.]]

M_d:
[[0. 0. 1.]
 [0. 1. 2.]
 [1. 0. 0.]]

N = 12

====================

M_u:
[[0. 0. 0. 1.]
 [0. 0. 1. 0.]
 [0. 1. 0. 1.]
 [1. 1. 1. 0.]]

M_d:
[[0. 0. 1.]
 [0. 1. 0.]
 [1. 0. 2.]]

N = 12

====================

M_u:
[[0. 0. 0. 1.]
 [0. 0. 1. 0.]
 [1. 1. 0. 1.]
 [0. 1. 1. 0.]]

M_d:
[[0. 1. 1.]
 [1. 0. 0.]
 [0. 0. 2.]]

N = 12

====================

M_u:
[[0. 0. 0. 1.]
 [0. 0. 1. 0.]
 [0. 1. 0. 1.]
 [1. 0. 1. 1.]]

M_d:
[[0. 0. 1.]
 [0. 1. 0.]
 [1. 2. 0.]]

N = 12

====================

M_u:
[[0. 0. 0. 1.]
 [0. 0. 1. 0.]
 [0. 1. 0. 1.]
 [1. 1. 1. 0.]]

M_d:
[[0. 1. 1.]
 [1. 0. 0.]
 [0. 0. 2.]]

N = 12

====================

M_u:
[[0. 0. 0. 1.]
 [0. 0. 1. 1.]
 [1. 1. 0. 0.]
 [0. 1. 1. 0.]]

M_d:
[[0. 0. 1.]
 [0. 1. 0.]
 [1. 0. 2.]]

N = 12

====================

M_u:
[[0. 0. 0. 1.]
 [0. 0. 1. 0.]
 [1. 1. 0. 1.]
 [0. 1. 1. 0.]]

M_d:
[[0. 0. 1.]
 [0. 1. 0.]
 [1. 0. 2.]]

N = 12

====================

M_u:
[[0. 0. 0. 1.]
 [0. 0. 1. 0.]
 [1. 1. 0. 0.]
 [0. 1. 1. 1.]]

M_d:
[[0. 0. 1.]
 [1. 1. 0.]
 [0. 2. 0.]]

N = 12

====================

M_u:
[[0. 0. 0. 1.]
 [0. 1. 1. 0.]
 [1. 0. 1. 0.]
 [0. 0. 1. 1.]]

M_d:
[[0. 1. 1.]
 [0. 0. 2.]
 [1. 0. 0.]]

N = 12

====================

M_u:
[[0. 0. 0. 1.]
 [0. 0. 1. 0.]
 [0. 1. 0. 1.]
 [1. 0. 1. 1.]]

M_d:
[[0. 1. 1.]
 [1. 0. 0.]
 [0. 0. 2.]]

N = 12

====================

THERE ARE 78 PAIRS WITH (9,5) TEXTURE ZEROS

PAIRS WITH (8,6) TEXTURE ZEROS FOR (M_u, M_d):

M_u:
[[0. 0. 0. 1.]
 [0. 1. 1. 0.]
 [1. 1. 2. 0.]
 [0. 0. 1. 1.]]

M_d:
[[0. 0. 1.]
 [0. 1. 0.]
 [1. 0. 0.]]

N = 12

====================

M_u:
[[0. 0. 1. 1.]
 [0. 0. 1. 2.]
 [1. 1. 0. 0.]
 [0. 1. 0. 1.]]

M_d:
[[0. 0. 1.]
 [0. 1. 0.]
 [1. 0. 0.]]

N = 12

====================

M_u:
[[0. 0. 0. 1.]
 [0. 0. 1. 1.]
 [1. 1. 0. 0.]
 [0. 1. 1. 2.]]

M_d:
[[0. 0. 1.]
 [0. 1. 0.]
 [1. 0. 0.]]

N = 12

====================

M_u:
[[0. 0. 0. 1.]
 [0. 1. 1. 1.]
 [1. 0. 1. 2.]
 [0. 1. 0. 0.]]

M_d:
[[0. 0. 1.]
 [0. 1. 0.]
 [1. 0. 0.]]

N = 12

====================

M_u:
[[0. 0. 1. 1.]
 [0. 1. 0. 1.]
 [1. 0. 0. 1.]
 [0. 1. 2. 0.]]

M_d:
[[0. 0. 1.]
 [0. 1. 0.]
 [1. 0. 0.]]

N = 12

====================

M_u:
[[0. 0. 0. 1.]
 [0. 0. 1. 1.]
 [1. 1. 0. 1.]
 [0. 1. 2. 0.]]

M_d:
[[0. 0. 1.]
 [0. 1. 0.]
 [1. 0. 0.]]

N = 12

====================

M_u:
[[0. 0. 0. 1.]
 [0. 0. 1. 1.]
 [1. 1. 1. 2.]
 [0. 1. 0. 0.]]

M_d:
[[0. 0. 1.]
 [0. 1. 0.]
 [1. 0. 0.]]

N = 12

====================

M_u:
[[0. 0. 1. 1.]
 [0. 0. 1. 2.]
 [1. 1. 0. 1.]
 [0. 1. 0. 0.]]

M_d:
[[0. 0. 1.]
 [0. 1. 0.]
 [1. 0. 0.]]

N = 12

====================

M_u:
[[0. 0. 0. 1.]
 [0. 0. 1. 1.]
 [0. 1. 1. 2.]
 [1. 1. 0. 0.]]

M_d:
[[0. 0. 1.]
 [0. 1. 0.]
 [1. 0. 0.]]

N = 12

====================

M_u:
[[0. 0. 1. 1.]
 [0. 0. 1. 2.]
 [0. 1. 0. 1.]
 [1. 1. 0. 0.]]

M_d:
[[0. 0. 1.]
 [0. 1. 0.]
 [1. 0. 0.]]

N = 12

====================

M_u:
[[0. 0. 0. 1.]
 [0. 0. 1. 0.]
 [0. 1. 0. 1.]
 [1. 1. 1. 2.]]

M_d:
[[0. 0. 1.]
 [0. 1. 0.]
 [1. 0. 0.]]

N = 12

====================

M_u:
[[0. 0. 0. 1.]
 [0. 1. 1. 0.]
 [1. 0. 1. 0.]
 [0. 1. 2. 1.]]

M_d:
[[0. 0. 1.]
 [0. 1. 0.]
 [1. 0. 0.]]

N = 12

====================

M_u:
[[0. 0. 0. 1.]
 [0. 0. 1. 1.]
 [0. 1. 1. 0.]
 [1. 1. 0. 2.]]

M_d:
[[0. 0. 1.]
 [0. 1. 0.]
 [1. 0. 0.]]

N = 12

====================

M_u:
[[0. 0. 0. 1.]
 [0. 1. 1. 0.]
 [0. 1. 2. 0.]
 [1. 0. 1. 1.]]

M_d:
[[0. 0. 1.]
 [0. 1. 0.]
 [1. 0. 0.]]

N = 12

====================

M_u:
[[0. 0. 0. 1.]
 [0. 0. 1. 0.]
 [1. 1. 0. 1.]
 [0. 1. 1. 2.]]

M_d:
[[0. 0. 1.]
 [0. 1. 0.]
 [1. 0. 0.]]

N = 12

====================

M_u:
[[0. 0. 0. 1.]
 [0. 0. 1. 1.]
 [1. 1. 1. 0.]
 [0. 1. 0. 2.]]

M_d:
[[0. 0. 1.]
 [0. 1. 0.]
 [1. 0. 0.]]

N = 12

====================

M_u:
[[0. 0. 1. 1.]
 [0. 1. 0. 1.]
 [1. 0. 1. 0.]
 [0. 1. 2. 0.]]

M_d:
[[0. 0. 1.]
 [0. 1. 0.]
 [1. 0. 0.]]

N = 12

====================

M_u:
[[0. 0. 1. 1.]
 [0. 1. 0. 1.]
 [1. 0. 1. 2.]
 [1. 0. 0. 0.]]

M_d:
[[0. 0. 1.]
 [0. 1. 0.]
 [1. 0. 0.]]

N = 12

====================

M_u:
[[0. 0. 1. 1.]
 [0. 1. 0. 1.]
 [1. 0. 1. 2.]
 [0. 1. 0. 0.]]

M_d:
[[0. 0. 1.]
 [0. 1. 0.]
 [1. 0. 0.]]

N = 12

====================

M_u:
[[0. 0. 0. 1.]
 [0. 0. 1. 1.]
 [0. 1. 0. 1.]
 [1. 1. 2. 0.]]

M_d:
[[0. 0. 1.]
 [0. 1. 0.]
 [1. 0. 0.]]

N = 12

====================

M_u:
[[0. 0. 0. 1.]
 [0. 1. 1. 0.]
 [1. 0. 1. 1.]
 [0. 1. 0. 2.]]

M_d:
[[0. 0. 1.]
 [0. 1. 0.]
 [1. 0. 0.]]

N = 12

====================

THERE ARE 21 PAIRS WITH (8,6) TEXTURE ZEROS

CONDENSED VIEW OF LIST:
NOTATION: M_(u/d)_{positions of real entries}^{positions of complex entries}

(M_u, M_d) = (11,3):

1) M_u_{3,6,9,12,15}^{} / M_d_{1,2,4,6,8}^{5}          |N = 12
2) M_u_{3,6,8,9,13}^{} / M_d_{2,4,5,6,7}^{8}           |N = 12
3) M_u_{3,6,9,12,15}^{} / M_d_{1,2,3,5,6}^{8}          |N = 12
4) M_u_{3,6,8,9,13}^{} / M_d_{2,3,4,5,7}^{8}           |N = 12
5) M_u_{3,6,9,12,15}^{} / M_d_{0,1,2,5,7}^{8}          |N = 12
6) M_u_{3,6,8,9,13}^{} / M_d_{1,2,3,5,7}^{8}           |N = 12
7) M_u_{3,6,9,12,15}^{} / M_d_{2,4,5,6,7}^{8}          |N = 12
8) M_u_{3,6,8,9,13}^{} / M_d_{1,2,3,4,8}^{5}           |N = 12
9) M_u_{3,6,9,12,15}^{} / M_d_{1,2,5,6,7}^{8}          |N = 12
10) M_u_{3,6,8,9,13}^{} / M_d_{1,2,4,6,8}^{5}          |N = 12

(M_u, M_d) = (10,4):

1) M_u_{3,6,9,12,14,15}^{} / M_d_{2,4,6,8}^{5}         |N = 12
2) M_u_{3,6,8,9,13,15}^{} / M_d_{1,2,3,5}^{8}          |N = 12
3) M_u_{3,6,8,9,13,15}^{} / M_d_{2,4,5,6}^{8}          |N = 12
4) M_u_{3,6,9,11,12,13}^{} / M_d_{1,2,5,6}^{8}         |N = 12
5) M_u_{3,6,8,9,13,15}^{} / M_d_{2,3,4,5}^{7}          |N = 12
6) M_u_{3,6,8,9,11,13}^{} / M_d_{1,2,3,5}^{6}          |N = 12
7) M_u_{3,5,6,8,10,13}^{} / M_d_{0,1,2,5}^{7}          |N = 12
8) M_u_{3,6,9,11,12,13}^{} / M_d_{1,2,3,5}^{7}         |N = 12
9) M_u_{3,6,8,9,13,15}^{} / M_d_{1,2,5,6}^{7}          |N = 12
10) M_u_{3,5,6,8,10,13}^{} / M_d_{2,3,4,8}^{7}         |N = 12
11) M_u_{3,6,8,9,13,15}^{} / M_d_{1,2,3,5}^{7}         |N = 12
12) M_u_{3,5,6,8,10,13}^{} / M_d_{1,2,3,8}^{6}         |N = 12
13) M_u_{3,6,9,12,14,15}^{} / M_d_{1,2,3,8}^{5}        |N = 12
14) M_u_{3,6,9,12,14,15}^{} / M_d_{2,3,4,7}^{8}        |N = 12
15) M_u_{3,6,8,9,13,15}^{} / M_d_{1,2,3,5}^{6}         |N = 12
16) M_u_{3,6,8,9,11,13}^{} / M_d_{1,2,5,6}^{7}         |N = 12
17) M_u_{3,6,9,11,12,13}^{} / M_d_{1,2,5,6}^{7}        |N = 12
18) M_u_{3,6,8,9,11,13}^{} / M_d_{1,2,3,5}^{7}         |N = 12
19) M_u_{3,6,8,9,11,13}^{} / M_d_{0,1,2,5}^{7}         |N = 12
20) M_u_{3,5,6,8,10,13}^{} / M_d_{2,4,6,8}^{7}         |N = 12
21) M_u_{3,6,9,11,12,13}^{} / M_d_{0,1,2,5}^{7}        |N = 12
22) M_u_{3,6,7,8,9,13}^{} / M_d_{2,4,6,7}^{5}          |N = 12
23) M_u_{3,6,9,11,12,14}^{} / M_d_{1,2,3,5}^{8}        |N = 12
24) M_u_{3,6,9,11,12,14}^{} / M_d_{2,4,5,6}^{8}        |N = 12
25) M_u_{3,6,9,11,12,14}^{} / M_d_{1,2,3,5}^{6}        |N = 12
26) M_u_{3,6,7,8,9,13}^{} / M_d_{1,2,3,8}^{5}          |N = 12
27) M_u_{3,6,9,11,12,14}^{} / M_d_{1,2,3,6}^{8}        |N = 12
28) M_u_{3,6,7,8,9,13}^{} / M_d_{2,3,4,7}^{8}          |N = 12
29) M_u_{3,6,7,8,9,13}^{} / M_d_{1,2,6,7}^{5}          |N = 12
30) M_u_{3,6,9,11,12,14}^{} / M_d_{2,4,5,6}^{7}        |N = 12
31) M_u_{3,6,7,8,9,13}^{} / M_d_{1,2,3,6}^{5}          |N = 12
32) M_u_{3,6,7,8,9,13}^{} / M_d_{2,4,6,7}^{8}          |N = 12
33) M_u_{3,6,7,8,9,13}^{} / M_d_{1,2,3,7}^{5}          |N = 12
34) M_u_{3,6,7,8,9,13}^{} / M_d_{1,2,6,8}^{5}          |N = 12
35) M_u_{3,6,7,8,9,13}^{} / M_d_{2,4,6,8}^{5}          |N = 12
36) M_u_{3,6,7,8,9,13}^{} / M_d_{0,1,2,7}^{5}          |N = 12
37) M_u_{3,6,9,11,12,14}^{} / M_d_{1,2,5,6}^{7}        |N = 12
38) M_u_{3,5,6,8,10,13}^{} / M_d_{1,2,3,5}^{7}         |N = 12
39) M_u_{3,6,9,11,12,13}^{} / M_d_{2,4,5,6}^{7}        |N = 12
40) M_u_{3,6,8,9,11,13}^{} / M_d_{2,3,4,5}^{7}         |N = 12
41) M_u_{3,6,9,11,12,13}^{} / M_d_{1,2,3,5}^{6}        |N = 12
42) M_u_{3,5,6,8,10,13}^{} / M_d_{1,2,5,6}^{7}         |N = 12
43) M_u_{3,6,9,11,12,13}^{} / M_d_{2,3,4,5}^{7}        |N = 12
44) M_u_{3,6,9,11,12,14}^{} / M_d_{2,4,6,7}^{8}        |N = 12
45) M_u_{3,6,9,11,12,14}^{} / M_d_{1,2,5,6}^{8}        |N = 12
46) M_u_{3,6,7,8,9,13}^{} / M_d_{2,3,4,7}^{5}          |N = 12
47) M_u_{3,6,9,11,12,14}^{} / M_d_{1,2,3,5}^{7}        |N = 12
48) M_u_{3,6,9,11,12,14}^{} / M_d_{0,1,2,5}^{7}        |N = 12
49) M_u_{3,6,8,9,13,15}^{} / M_d_{0,1,2,5}^{7}         |N = 12
50) M_u_{3,6,9,11,12,14}^{} / M_d_{2,3,4,5}^{7}        |N = 12
51) M_u_{3,6,8,9,13,15}^{} / M_d_{1,2,3,6}^{8}         |N = 12
52) M_u_{3,6,8,9,11,13}^{} / M_d_{1,2,5,6}^{8}         |N = 12
53) M_u_{3,6,9,12,14,15}^{} / M_d_{2,3,4,7}^{5}        |N = 12
54) M_u_{3,6,8,9,11,13}^{} / M_d_{1,2,3,5}^{8}         |N = 12
55) M_u_{3,6,9,11,12,13}^{} / M_d_{1,2,3,5}^{8}        |N = 12
56) M_u_{3,5,6,8,10,13}^{} / M_d_{1,2,5,6}^{8}         |N = 12
57) M_u_{3,6,8,9,13,15}^{} / M_d_{2,3,4,7}^{8}         |N = 12
58) M_u_{3,5,6,8,10,13}^{} / M_d_{2,4,5,6}^{8}         |N = 12
59) M_u_{3,6,9,12,14,15}^{} / M_d_{2,4,6,7}^{8}        |N = 12
60) M_u_{3,6,9,11,12,14}^{} / M_d_{2,3,4,7}^{8}        |N = 12
61) M_u_{3,6,8,9,13,15}^{} / M_d_{1,2,5,6}^{8}         |N = 12
62) M_u_{3,6,9,12,14,15}^{} / M_d_{2,4,6,7}^{5}        |N = 12
63) M_u_{3,6,7,8,9,13}^{} / M_d_{1,2,3,6}^{8}          |N = 12
64) M_u_{3,6,8,9,13,15}^{} / M_d_{2,4,6,7}^{8}         |N = 12
65) M_u_{3,6,9,12,14,15}^{} / M_d_{1,2,3,7}^{5}        |N = 12
66) M_u_{3,6,8,9,13,15}^{} / M_d_{2,4,5,6}^{7}         |N = 12
67) M_u_{3,6,8,9,11,13}^{} / M_d_{2,4,5,6}^{7}         |N = 12

(M_u, M_d) = (9,5):

1) M_u_{3,5,6,8,10,13,15}^{} / M_d_{2,4,6}^{7}         |N = 12
2) M_u_{3,6,7,8,9,13,15}^{} / M_d_{2,3,4}^{7}          |N = 12
3) M_u_{3,5,6,8,10,13,15}^{} / M_d_{2,4,6}^{8}         |N = 12
4) M_u_{3,6,8,9,13,14,15}^{} / M_d_{2,4,6}^{8}         |N = 12
5) M_u_{3,6,7,9,10,12,13}^{} / M_d_{2,4,6}^{7}         |N = 12
6) M_u_{3,5,6,8,10,11,13}^{} / M_d_{2,3,4}^{7}         |N = 12
7) M_u_{3,5,6,8,10,11,13}^{} / M_d_{2,4,6}^{7}         |N = 12
8) M_u_{3,6,7,9,10,12,13}^{} / M_d_{2,3,4}^{7}         |N = 12
9) M_u_{3,6,7,8,9,10,13}^{} / M_d_{2,4,6}^{8}          |N = 12
10) M_u_{2,3,5,7,8,10,13}^{} / M_d_{2,4,6}^{7}         |N = 12
11) M_u_{3,6,7,9,10,12,13}^{} / M_d_{1,2,3}^{8}        |N = 12
12) M_u_{2,3,5,7,8,10,13}^{} / M_d_{1,2,6}^{5}         |N = 12
13) M_u_{3,5,6,8,10,13,15}^{} / M_d_{2,3,4}^{7}        |N = 12
14) M_u_{3,6,7,8,9,13,14}^{} / M_d_{2,3,4}^{7}         |N = 12
15) M_u_{3,6,7,8,9,10,13}^{} / M_d_{1,2,3}^{8}         |N = 12
16) M_u_{3,5,6,8,10,11,13}^{} / M_d_{1,2,3}^{8}        |N = 12
17) M_u_{2,3,5,7,8,10,13}^{} / M_d_{2,4,6}^{8}         |N = 12
18) M_u_{2,3,5,7,8,10,13}^{} / M_d_{1,2,3}^{8}         |N = 12
19) M_u_{2,3,5,7,8,11,14}^{} / M_d_{2,4,6}^{8}         |N = 12
20) M_u_{3,5,6,8,10,11,12}^{} / M_d_{2,4,6}^{5}        |N = 12
21) M_u_{3,6,7,9,11,12,14}^{} / M_d_{2,4,6}^{8}        |N = 12
22) M_u_{3,6,7,9,10,12,13}^{} / M_d_{1,2,6}^{5}        |N = 12
23) M_u_{3,6,8,9,10,11,13}^{} / M_d_{2,4,6}^{5}        |N = 12
24) M_u_{3,5,6,8,10,11,13}^{} / M_d_{2,4,6}^{8}        |N = 12
25) M_u_{3,5,6,8,10,11,12}^{} / M_d_{1,2,6}^{5}        |N = 12
26) M_u_{3,6,7,9,11,12,14}^{} / M_d_{1,2,3}^{8}        |N = 12
27) M_u_{3,6,7,8,9,10,13}^{} / M_d_{1,2,6}^{5}         |N = 12
28) M_u_{3,6,7,9,11,12,14}^{} / M_d_{2,3,4}^{7}        |N = 12
29) M_u_{3,6,7,8,9,11,13}^{} / M_d_{1,2,6}^{5}         |N = 12
30) M_u_{3,6,7,8,9,11,13}^{} / M_d_{2,4,6}^{5}         |N = 12
31) M_u_{3,6,8,9,11,13,14}^{} / M_d_{2,4,6}^{5}        |N = 12
32) M_u_{3,6,7,9,11,12,14}^{} / M_d_{2,4,6}^{7}        |N = 12
33) M_u_{3,6,7,9,10,12,13}^{} / M_d_{2,4,6}^{5}        |N = 12
34) M_u_{3,6,7,8,9,11,13}^{} / M_d_{2,3,4}^{7}         |N = 12
35) M_u_{3,6,7,8,9,11,13}^{} / M_d_{2,4,6}^{7}         |N = 12
36) M_u_{3,5,6,8,10,13,15}^{} / M_d_{1,2,3}^{8}        |N = 12
37) M_u_{3,6,9,10,11,12,13}^{} / M_d_{2,4,6}^{5}       |N = 12
38) M_u_{2,3,5,7,8,11,14}^{} / M_d_{2,4,6}^{7}         |N = 12
39) M_u_{3,6,7,8,9,10,13}^{} / M_d_{2,4,6}^{5}         |N = 12
40) M_u_{3,6,7,8,9,13,15}^{} / M_d_{1,2,6}^{5}         |N = 12
41) M_u_{3,6,7,8,9,13,14}^{} / M_d_{2,4,6}^{5}         |N = 12
42) M_u_{3,6,8,9,11,13,14}^{} / M_d_{2,4,6}^{7}        |N = 12
43) M_u_{3,6,7,8,9,13,14}^{} / M_d_{1,2,6}^{5}         |N = 12
44) M_u_{3,6,9,11,12,14,15}^{} / M_d_{2,4,6}^{8}       |N = 12
45) M_u_{2,3,5,7,8,10,13}^{} / M_d_{2,4,6}^{5}         |N = 12
46) M_u_{3,6,9,11,12,13,14}^{} / M_d_{2,3,4}^{7}       |N = 12
47) M_u_{3,6,8,9,11,13,14}^{} / M_d_{2,3,4}^{7}        |N = 12
48) M_u_{3,6,7,8,9,10,13}^{} / M_d_{2,4,6}^{7}         |N = 12
49) M_u_{3,6,7,8,9,13,14}^{} / M_d_{2,4,6}^{7}         |N = 12
50) M_u_{3,6,7,8,9,10,13}^{} / M_d_{2,3,4}^{7}         |N = 12
51) M_u_{3,5,6,8,10,11,13}^{} / M_d_{1,2,6}^{5}        |N = 12
52) M_u_{3,5,6,8,10,11,13}^{} / M_d_{2,4,6}^{5}        |N = 12
53) M_u_{3,6,7,8,9,13,14}^{} / M_d_{1,2,3}^{8}         |N = 12
54) M_u_{3,6,8,9,11,13,14}^{} / M_d_{1,2,6}^{5}        |N = 12
55) M_u_{3,6,7,9,10,12,13}^{} / M_d_{2,4,6}^{8}        |N = 12
56) M_u_{3,6,9,11,12,13,14}^{} / M_d_{1,2,6}^{5}       |N = 12
57) M_u_{3,6,8,9,13,14,15}^{} / M_d_{2,4,6}^{5}        |N = 12
58) M_u_{3,6,9,11,12,14,15}^{} / M_d_{2,3,4}^{7}       |N = 12
59) M_u_{3,5,6,8,10,14,15}^{} / M_d_{2,4,6}^{8}        |N = 12
60) M_u_{3,6,7,8,9,13,15}^{} / M_d_{2,4,6}^{7}         |N = 12
61) M_u_{3,6,9,11,12,13,14}^{} / M_d_{2,4,6}^{7}       |N = 12
62) M_u_{2,3,5,7,8,11,14}^{} / M_d_{1,2,6}^{5}         |N = 12
63) M_u_{3,5,6,8,10,14,15}^{} / M_d_{2,4,6}^{7}        |N = 12
64) M_u_{3,5,6,8,10,13,15}^{} / M_d_{1,2,6}^{5}        |N = 12
65) M_u_{2,3,5,7,8,10,13}^{} / M_d_{2,3,4}^{7}         |N = 12
66) M_u_{3,6,9,11,12,13,14}^{} / M_d_{2,4,6}^{5}       |N = 12
67) M_u_{3,6,9,12,13,14,15}^{} / M_d_{2,4,6}^{8}       |N = 12
68) M_u_{3,6,7,8,9,13,15}^{} / M_d_{2,4,6}^{5}         |N = 12
69) M_u_{3,5,6,8,10,13,15}^{} / M_d_{2,4,6}^{5}        |N = 12
70) M_u_{3,6,9,11,12,13,14}^{} / M_d_{2,4,6}^{8}       |N = 12
71) M_u_{3,6,8,9,11,13,14}^{} / M_d_{1,2,3}^{8}        |N = 12
72) M_u_{3,6,9,11,12,14,15}^{} / M_d_{2,4,6}^{7}       |N = 12
73) M_u_{3,6,9,11,12,13,14}^{} / M_d_{1,2,3}^{8}       |N = 12
74) M_u_{3,6,7,8,9,13,14}^{} / M_d_{2,4,6}^{8}         |N = 12
75) M_u_{3,6,8,9,11,13,14}^{} / M_d_{2,4,6}^{8}        |N = 12
76) M_u_{3,6,8,9,13,14,15}^{} / M_d_{2,3,4}^{7}        |N = 12
77) M_u_{3,5,6,8,10,14,15}^{} / M_d_{1,2,6}^{5}        |N = 12
78) M_u_{3,6,9,11,12,14,15}^{} / M_d_{1,2,3}^{8}       |N = 12

(M_u, M_d) = (8,6):

1) M_u_{3,5,6,8,9,14,15}^{10} / M_d_{2,4,6}^{}         |N = 12
2) M_u_{2,3,6,8,9,13,15}^{7} / M_d_{2,4,6}^{}          |N = 12
3) M_u_{3,6,7,8,9,13,14}^{15} / M_d_{2,4,6}^{}         |N = 12
4) M_u_{3,5,6,7,8,10,13}^{11} / M_d_{2,4,6}^{}         |N = 12
5) M_u_{2,3,5,7,8,11,13}^{14} / M_d_{2,4,6}^{}         |N = 12
6) M_u_{3,6,7,8,9,11,13}^{14} / M_d_{2,4,6}^{}         |N = 12
7) M_u_{3,6,7,8,9,10,13}^{11} / M_d_{2,4,6}^{}         |N = 12
8) M_u_{2,3,6,8,9,11,13}^{7} / M_d_{2,4,6}^{}          |N = 12
9) M_u_{3,6,7,9,10,12,13}^{11} / M_d_{2,4,6}^{}        |N = 12
10) M_u_{2,3,6,9,11,12,13}^{7} / M_d_{2,4,6}^{}        |N = 12
11) M_u_{3,6,9,11,12,13,14}^{15} / M_d_{2,4,6}^{}      |N = 12
12) M_u_{3,5,6,8,10,13,15}^{14} / M_d_{2,4,6}^{}       |N = 12
13) M_u_{3,6,7,9,10,12,13}^{15} / M_d_{2,4,6}^{}       |N = 12
14) M_u_{3,5,6,9,12,14,15}^{10} / M_d_{2,4,6}^{}       |N = 12
15) M_u_{3,6,8,9,11,13,14}^{15} / M_d_{2,4,6}^{}       |N = 12
16) M_u_{3,6,7,8,9,10,13}^{15} / M_d_{2,4,6}^{}        |N = 12
17) M_u_{2,3,5,7,8,10,13}^{14} / M_d_{2,4,6}^{}        |N = 12
18) M_u_{2,3,5,7,8,10,12}^{11} / M_d_{2,4,6}^{}        |N = 12
19) M_u_{2,3,5,7,8,10,13}^{11} / M_d_{2,4,6}^{}        |N = 12
20) M_u_{3,6,7,9,11,12,13}^{14} / M_d_{2,4,6}^{}       |N = 12
21) M_u_{3,5,6,8,10,11,13}^{15} / M_d_{2,4,6}^{}       |N = 12


THERE ARE IN TOTAL 176 MAXIMALLY RESTRICTIVE PAIRS OF TEXTURE ZEROS (AFTER MINUIT). 
