LIST OF MAXIMALLY RESTRICTIVE PAIRS OF TEXTURE ZEROS (BEFORE MINUIT):

PAIRS WITH (12,3) TEXTURE ZEROS FOR (M_u, M_d):

M_u:
[[0. 0. 0. 0.]
 [0. 0. 0. 1.]
 [0. 1. 1. 0.]
 [0. 0. 1. 0.]]
M_d:
[[0. 1. 1.]
 [0. 1. 1.]
 [0. 1. 1.]]

THERE ARE 1 PAIRS WITH (12,3) TEXTURE ZEROS

PAIRS WITH (11,5) TEXTURE ZEROS FOR (M_u, M_d):

M_u:
[[0. 0. 0. 0.]
 [0. 0. 0. 1.]
 [0. 0. 1. 0.]
 [0. 1. 1. 1.]]
M_d:
[[0. 0. 1.]
 [0. 1. 0.]
 [0. 1. 1.]]

M_u:
[[0. 0. 0. 0.]
 [0. 0. 0. 1.]
 [0. 0. 1. 1.]
 [0. 1. 0. 1.]]
M_d:
[[0. 0. 1.]
 [0. 0. 1.]
 [0. 1. 1.]]

M_u:
[[0. 0. 0. 0.]
 [0. 0. 0. 1.]
 [0. 0. 1. 1.]
 [0. 1. 0. 1.]]
M_d:
[[0. 0. 1.]
 [0. 1. 0.]
 [0. 1. 1.]]

M_u:
[[0. 0. 0. 0.]
 [0. 0. 0. 1.]
 [0. 0. 1. 1.]
 [0. 1. 0. 1.]]
M_d:
[[0. 0. 1.]
 [0. 1. 1.]
 [0. 0. 1.]]

M_u:
[[0. 0. 0. 0.]
 [0. 0. 0. 1.]
 [0. 0. 1. 1.]
 [0. 1. 0. 1.]]
M_d:
[[0. 0. 1.]
 [0. 1. 1.]
 [0. 1. 0.]]

M_u:
[[0. 0. 0. 0.]
 [0. 0. 0. 1.]
 [0. 0. 1. 1.]
 [0. 1. 1. 0.]]
M_d:
[[0. 0. 1.]
 [0. 0. 1.]
 [0. 1. 1.]]

M_u:
[[0. 0. 0. 0.]
 [0. 0. 0. 1.]
 [0. 0. 1. 1.]
 [0. 1. 1. 0.]]
M_d:
[[0. 0. 1.]
 [0. 1. 0.]
 [0. 1. 1.]]

M_u:
[[0. 0. 0. 0.]
 [0. 0. 0. 1.]
 [0. 0. 1. 1.]
 [0. 1. 1. 0.]]
M_d:
[[0. 1. 1.]
 [0. 0. 1.]
 [0. 1. 0.]]

M_u:
[[0. 0. 0. 0.]
 [0. 0. 0. 1.]
 [0. 1. 1. 0.]
 [0. 0. 1. 1.]]
M_d:
[[0. 0. 1.]
 [0. 0. 1.]
 [0. 1. 1.]]

M_u:
[[0. 0. 0. 0.]
 [0. 0. 0. 1.]
 [0. 1. 1. 0.]
 [0. 0. 1. 1.]]
M_d:
[[0. 0. 1.]
 [0. 1. 1.]
 [0. 1. 0.]]

M_u:
[[0. 0. 0. 0.]
 [0. 0. 0. 1.]
 [0. 1. 1. 1.]
 [0. 0. 1. 0.]]
M_d:
[[0. 0. 1.]
 [0. 1. 0.]
 [0. 1. 1.]]

M_u:
[[0. 0. 0. 0.]
 [0. 0. 0. 1.]
 [0. 1. 1. 1.]
 [0. 0. 1. 0.]]
M_d:
[[0. 0. 1.]
 [0. 1. 1.]
 [0. 0. 1.]]

M_u:
[[0. 0. 0. 0.]
 [0. 0. 0. 1.]
 [0. 1. 1. 1.]
 [0. 0. 1. 0.]]
M_d:
[[0. 0. 1.]
 [0. 1. 1.]
 [0. 1. 0.]]

M_u:
[[0. 0. 0. 0.]
 [0. 0. 0. 1.]
 [0. 1. 1. 1.]
 [0. 0. 1. 0.]]
M_d:
[[0. 1. 1.]
 [0. 0. 1.]
 [0. 1. 0.]]

M_u:
[[0. 0. 0. 0.]
 [0. 0. 1. 1.]
 [0. 1. 0. 1.]
 [0. 0. 0. 1.]]
M_d:
[[0. 0. 1.]
 [0. 0. 1.]
 [0. 1. 1.]]

M_u:
[[0. 0. 0. 0.]
 [0. 0. 1. 1.]
 [0. 1. 0. 1.]
 [0. 0. 0. 1.]]
M_d:
[[0. 0. 1.]
 [0. 1. 0.]
 [0. 1. 1.]]

M_u:
[[0. 0. 0. 0.]
 [0. 0. 1. 1.]
 [0. 1. 0. 1.]
 [0. 0. 0. 1.]]
M_d:
[[0. 1. 1.]
 [0. 0. 1.]
 [0. 1. 0.]]

M_u:
[[0. 0. 0. 0.]
 [0. 0. 1. 1.]
 [0. 1. 0. 1.]
 [0. 0. 1. 0.]]
M_d:
[[0. 0. 1.]
 [0. 0. 1.]
 [0. 1. 1.]]

M_u:
[[0. 0. 0. 0.]
 [0. 0. 1. 1.]
 [0. 1. 0. 1.]
 [0. 0. 1. 0.]]
M_d:
[[0. 0. 1.]
 [0. 1. 0.]
 [0. 1. 1.]]

M_u:
[[0. 0. 0. 0.]
 [0. 0. 1. 1.]
 [0. 1. 0. 1.]
 [0. 0. 1. 0.]]
M_d:
[[0. 0. 1.]
 [0. 1. 1.]
 [0. 0. 1.]]

M_u:
[[0. 0. 0. 1.]
 [0. 0. 0. 1.]
 [0. 0. 1. 0.]
 [0. 1. 1. 0.]]
M_d:
[[0. 0. 1.]
 [0. 1. 1.]
 [0. 0. 1.]]

M_u:
[[0. 0. 0. 1.]
 [0. 0. 0. 1.]
 [0. 1. 1. 0.]
 [0. 0. 1. 0.]]
M_d:
[[0. 0. 1.]
 [0. 1. 1.]
 [0. 1. 0.]]

THERE ARE 22 PAIRS WITH (11,5) TEXTURE ZEROS

PAIRS WITH (10,6) TEXTURE ZEROS FOR (M_u, M_d):

M_u:
[[0. 0. 0. 1.]
 [0. 0. 0. 1.]
 [0. 0. 1. 0.]
 [0. 1. 1. 1.]]
M_d:
[[0. 0. 0.]
 [0. 0. 1.]
 [0. 1. 1.]]

M_u:
[[0. 0. 0. 1.]
 [0. 0. 0. 1.]
 [0. 0. 1. 0.]
 [0. 1. 1. 1.]]
M_d:
[[0. 0. 0.]
 [0. 1. 1.]
 [0. 0. 1.]]

M_u:
[[0. 0. 0. 1.]
 [0. 0. 0. 1.]
 [0. 0. 1. 1.]
 [0. 1. 0. 1.]]
M_d:
[[0. 0. 0.]
 [0. 0. 1.]
 [0. 1. 1.]]

M_u:
[[0. 0. 0. 1.]
 [0. 0. 0. 1.]
 [0. 0. 1. 1.]
 [0. 1. 0. 1.]]
M_d:
[[0. 0. 0.]
 [0. 1. 1.]
 [0. 0. 1.]]

M_u:
[[0. 0. 0. 1.]
 [0. 0. 0. 1.]
 [0. 0. 1. 1.]
 [0. 1. 1. 0.]]
M_d:
[[0. 0. 0.]
 [0. 0. 1.]
 [0. 1. 1.]]

M_u:
[[0. 0. 0. 1.]
 [0. 0. 0. 1.]
 [0. 0. 1. 1.]
 [0. 1. 1. 0.]]
M_d:
[[0. 0. 0.]
 [0. 1. 1.]
 [0. 0. 1.]]

M_u:
[[0. 0. 0. 1.]
 [0. 0. 0. 1.]
 [0. 0. 1. 1.]
 [0. 1. 1. 0.]]
M_d:
[[0. 0. 1.]
 [0. 1. 0.]
 [0. 0. 1.]]

M_u:
[[0. 0. 0. 1.]
 [0. 0. 0. 1.]
 [0. 1. 1. 0.]
 [0. 0. 1. 1.]]
M_d:
[[0. 0. 0.]
 [0. 0. 1.]
 [0. 1. 1.]]

M_u:
[[0. 0. 0. 1.]
 [0. 0. 0. 1.]
 [0. 1. 1. 0.]
 [0. 0. 1. 1.]]
M_d:
[[0. 0. 0.]
 [0. 1. 1.]
 [0. 0. 1.]]

M_u:
[[0. 0. 0. 1.]
 [0. 0. 0. 1.]
 [0. 1. 1. 1.]
 [0. 0. 1. 0.]]
M_d:
[[0. 0. 0.]
 [0. 1. 1.]
 [0. 0. 1.]]

M_u:
[[0. 0. 0. 1.]
 [0. 0. 1. 0.]
 [0. 0. 1. 1.]
 [0. 1. 0. 1.]]
M_d:
[[0. 1. 1.]
 [0. 0. 0.]
 [0. 0. 1.]]

M_u:
[[0. 0. 0. 1.]
 [0. 0. 1. 0.]
 [0. 1. 0. 0.]
 [0. 1. 1. 1.]]
M_d:
[[0. 0. 0.]
 [0. 0. 1.]
 [0. 1. 1.]]

M_u:
[[0. 0. 0. 1.]
 [0. 0. 1. 0.]
 [0. 1. 0. 1.]
 [0. 0. 1. 1.]]
M_d:
[[0. 0. 0.]
 [0. 1. 1.]
 [0. 0. 1.]]

M_u:
[[0. 0. 0. 1.]
 [0. 0. 1. 0.]
 [0. 1. 0. 1.]
 [0. 0. 1. 1.]]
M_d:
[[0. 0. 1.]
 [0. 0. 0.]
 [0. 1. 1.]]

M_u:
[[0. 0. 0. 1.]
 [0. 0. 1. 0.]
 [0. 1. 0. 1.]
 [0. 0. 1. 1.]]
M_d:
[[0. 1. 1.]
 [0. 0. 0.]
 [0. 0. 1.]]

M_u:
[[0. 0. 0. 1.]
 [0. 0. 1. 0.]
 [0. 1. 0. 1.]
 [0. 1. 1. 0.]]
M_d:
[[0. 0. 0.]
 [0. 0. 1.]
 [0. 1. 1.]]

M_u:
[[0. 0. 0. 1.]
 [0. 0. 1. 0.]
 [0. 1. 0. 1.]
 [0. 1. 1. 0.]]
M_d:
[[0. 0. 0.]
 [0. 1. 1.]
 [0. 0. 1.]]

M_u:
[[0. 0. 0. 1.]
 [0. 0. 1. 0.]
 [0. 1. 0. 1.]
 [0. 1. 1. 0.]]
M_d:
[[0. 1. 1.]
 [0. 0. 0.]
 [0. 0. 1.]]

M_u:
[[0. 0. 0. 1.]
 [0. 0. 1. 0.]
 [0. 1. 1. 1.]
 [0. 1. 0. 0.]]
M_d:
[[0. 0. 0.]
 [0. 0. 1.]
 [0. 1. 1.]]

M_u:
[[0. 0. 0. 1.]
 [0. 0. 1. 0.]
 [0. 1. 1. 1.]
 [0. 1. 0. 0.]]
M_d:
[[0. 0. 1.]
 [0. 0. 1.]
 [0. 1. 0.]]

M_u:
[[0. 0. 0. 1.]
 [0. 0. 1. 0.]
 [0. 1. 1. 1.]
 [0. 1. 0. 0.]]
M_d:
[[0. 0. 1.]
 [0. 1. 0.]
 [0. 0. 1.]]

M_u:
[[0. 0. 0. 1.]
 [0. 0. 1. 1.]
 [0. 1. 0. 1.]
 [0. 0. 1. 0.]]
M_d:
[[0. 0. 0.]
 [0. 0. 1.]
 [0. 1. 1.]]

M_u:
[[0. 0. 0. 1.]
 [0. 0. 1. 1.]
 [0. 1. 0. 1.]
 [0. 0. 1. 0.]]
M_d:
[[0. 0. 0.]
 [0. 1. 1.]
 [0. 0. 1.]]

M_u:
[[0. 0. 0. 1.]
 [0. 0. 1. 1.]
 [0. 1. 0. 1.]
 [0. 0. 1. 0.]]
M_d:
[[0. 0. 1.]
 [0. 0. 0.]
 [0. 1. 1.]]

M_u:
[[0. 0. 0. 1.]
 [0. 0. 1. 1.]
 [0. 1. 0. 1.]
 [0. 0. 1. 0.]]
M_d:
[[0. 1. 1.]
 [0. 0. 0.]
 [0. 0. 1.]]

M_u:
[[0. 0. 0. 1.]
 [0. 0. 1. 1.]
 [0. 1. 1. 0.]
 [0. 0. 1. 0.]]
M_d:
[[0. 0. 0.]
 [0. 0. 1.]
 [0. 1. 1.]]

M_u:
[[0. 0. 0. 1.]
 [0. 0. 1. 1.]
 [0. 1. 1. 0.]
 [0. 0. 1. 0.]]
M_d:
[[0. 0. 0.]
 [0. 1. 1.]
 [0. 0. 1.]]

M_u:
[[0. 0. 0. 1.]
 [0. 0. 1. 1.]
 [0. 1. 1. 0.]
 [0. 0. 1. 0.]]
M_d:
[[0. 0. 1.]
 [0. 0. 0.]
 [0. 1. 1.]]

M_u:
[[0. 0. 0. 1.]
 [0. 0. 1. 1.]
 [0. 1. 1. 0.]
 [0. 0. 1. 0.]]
M_d:
[[0. 1. 1.]
 [0. 0. 0.]
 [0. 0. 1.]]

M_u:
[[0. 0. 0. 1.]
 [0. 0. 1. 1.]
 [0. 1. 1. 0.]
 [0. 1. 0. 0.]]
M_d:
[[0. 0. 0.]
 [0. 0. 1.]
 [0. 1. 1.]]

M_u:
[[0. 0. 0. 1.]
 [0. 0. 1. 1.]
 [0. 1. 1. 0.]
 [0. 1. 0. 0.]]
M_d:
[[0. 0. 0.]
 [0. 1. 1.]
 [0. 0. 1.]]

M_u:
[[0. 0. 0. 1.]
 [0. 0. 1. 1.]
 [0. 1. 1. 0.]
 [0. 1. 0. 0.]]
M_d:
[[0. 1. 1.]
 [0. 0. 0.]
 [0. 0. 1.]]

M_u:
[[0. 0. 0. 1.]
 [0. 0. 1. 1.]
 [0. 1. 1. 0.]
 [0. 1. 0. 0.]]
M_d:
[[0. 1. 1.]
 [0. 0. 1.]
 [0. 0. 0.]]

THERE ARE 33 PAIRS WITH (10,6) TEXTURE ZEROS

PAIRS WITH (9,7) TEXTURE ZEROS FOR (M_u, M_d):

M_u:
[[0. 0. 0. 1.]
 [0. 0. 1. 0.]
 [0. 0. 1. 1.]
 [0. 1. 1. 1.]]
M_d:
[[0. 0. 0.]
 [0. 0. 1.]
 [0. 1. 0.]]

M_u:
[[0. 0. 0. 1.]
 [0. 0. 1. 0.]
 [0. 0. 1. 1.]
 [0. 1. 1. 1.]]
M_d:
[[0. 0. 1.]
 [0. 1. 0.]
 [0. 0. 0.]]

M_u:
[[0. 0. 0. 1.]
 [0. 0. 1. 1.]
 [0. 1. 0. 1.]
 [0. 1. 1. 0.]]
M_d:
[[0. 0. 0.]
 [0. 0. 1.]
 [0. 1. 0.]]

M_u:
[[0. 0. 0. 1.]
 [0. 0. 1. 1.]
 [0. 1. 0. 1.]
 [0. 1. 1. 0.]]
M_d:
[[0. 0. 1.]
 [0. 0. 0.]
 [0. 1. 0.]]

M_u:
[[0. 0. 0. 1.]
 [0. 0. 1. 1.]
 [0. 1. 1. 0.]
 [0. 1. 0. 1.]]
M_d:
[[0. 0. 1.]
 [0. 0. 0.]
 [0. 1. 0.]]

M_u:
[[0. 0. 0. 1.]
 [0. 0. 1. 1.]
 [0. 1. 1. 0.]
 [0. 1. 0. 1.]]
M_d:
[[0. 0. 1.]
 [0. 1. 0.]
 [0. 0. 0.]]

M_u:
[[0. 0. 0. 1.]
 [0. 0. 1. 1.]
 [0. 1. 1. 0.]
 [0. 1. 1. 0.]]
M_d:
[[0. 0. 0.]
 [0. 0. 1.]
 [0. 1. 0.]]

M_u:
[[0. 0. 0. 1.]
 [0. 0. 1. 1.]
 [0. 1. 1. 0.]
 [0. 1. 1. 0.]]
M_d:
[[0. 0. 1.]
 [0. 0. 0.]
 [0. 1. 0.]]

M_u:
[[0. 0. 0. 1.]
 [0. 0. 1. 1.]
 [0. 1. 1. 1.]
 [0. 1. 0. 0.]]
M_d:
[[0. 0. 0.]
 [0. 0. 1.]
 [0. 1. 0.]]

M_u:
[[0. 0. 0. 1.]
 [0. 0. 1. 1.]
 [0. 1. 1. 1.]
 [0. 1. 0. 0.]]
M_d:
[[0. 0. 1.]
 [0. 0. 0.]
 [0. 1. 0.]]

M_u:
[[0. 0. 0. 1.]
 [0. 1. 1. 0.]
 [0. 1. 1. 0.]
 [0. 0. 1. 1.]]
M_d:
[[0. 0. 1.]
 [0. 0. 0.]
 [0. 1. 0.]]

M_u:
[[0. 0. 1. 1.]
 [0. 0. 1. 1.]
 [0. 1. 0. 1.]
 [0. 1. 0. 0.]]
M_d:
[[0. 0. 0.]
 [0. 0. 1.]
 [0. 1. 0.]]

M_u:
[[0. 0. 1. 1.]
 [0. 1. 0. 1.]
 [0. 1. 1. 0.]
 [0. 0. 0. 1.]]
M_d:
[[0. 0. 1.]
 [0. 1. 0.]
 [0. 0. 0.]]

THERE ARE 13 PAIRS WITH (9,7) TEXTURE ZEROS


THERE ARE IN TOTAL 69 MAXIMALLY RESTRICTIVE PAIRS OF TEXTURE ZEROS (BEFORE MINUIT). 
