m_VLQ phase chi_square

1000.0 -0.71 163.44
1000.0 -0.68 133.59
1000.0 -0.65 106.53
1000.0 -0.62 82.39
1000.0 -0.59 61.24
1000.0 -0.56 43.19
1000.0 -0.53 28.3
1000.0 -0.5 16.65
1000.0 -0.47 8.29
1000.0 -0.44 3.27
1000.0 -0.41 1.59
1000.0 -0.38 3.27
1000.0 -0.35 8.32
1000.0 -0.32 16.72
1000.0 -0.29 28.48
1000.0 -0.26 43.63
1000.0 -0.23 62.28
1000.0 -0.2 84.67
1000.0 -0.17 111.21
1000.0 -0.14 142.6
1000.0 -0.11 179.85
1300.0 -0.71 163.43
1300.0 -0.68 133.58
1300.0 -0.65 106.53
1300.0 -0.62 82.38
1300.0 -0.59 61.24
1300.0 -0.56 43.19
1300.0 -0.53 28.3
1300.0 -0.5 16.65
1300.0 -0.47 8.29
1300.0 -0.44 3.27
1300.0 -0.41 1.59
1300.0 -0.38 3.27
1300.0 -0.35 8.32
1300.0 -0.32 16.72
1300.0 -0.29 28.48
1300.0 -0.26 43.63
1300.0 -0.23 62.28
1300.0 -0.2 84.67
1300.0 -0.17 111.21
1300.0 -0.14 142.6
1300.0 -0.11 179.85
1600.0 -0.71 163.43
1600.0 -0.68 133.58
1600.0 -0.65 106.53
1600.0 -0.62 82.38
1600.0 -0.59 61.24
1600.0 -0.56 43.19
1600.0 -0.53 28.3
1600.0 -0.5 16.65
1600.0 -0.47 8.29
1600.0 -0.44 3.27
1600.0 -0.41 1.59
1600.0 -0.38 3.27
1600.0 -0.35 8.32
1600.0 -0.32 16.72
1600.0 -0.29 28.48
1600.0 -0.26 43.63
1600.0 -0.23 62.28
1600.0 -0.2 84.67
1600.0 -0.17 111.21
1600.0 -0.14 142.6
1600.0 -0.11 179.85
1900.0 -0.71 163.43
1900.0 -0.68 133.58
1900.0 -0.65 106.53
1900.0 -0.62 82.38
1900.0 -0.59 61.24
1900.0 -0.56 43.18
1900.0 -0.53 28.3
1900.0 -0.5 16.65
1900.0 -0.47 8.29
1900.0 -0.44 3.27
1900.0 -0.41 1.59
1900.0 -0.38 3.27
1900.0 -0.35 8.32
1900.0 -0.32 16.72
1900.0 -0.29 28.48
1900.0 -0.26 43.63
1900.0 -0.23 62.28
1900.0 -0.2 84.67
1900.0 -0.17 111.21
1900.0 -0.14 142.6
1900.0 -0.11 179.85
2200.0 -0.71 163.43
2200.0 -0.68 133.58
2200.0 -0.65 106.53
2200.0 -0.62 82.38
2200.0 -0.59 61.24
2200.0 -0.56 43.18
2200.0 -0.53 28.3
2200.0 -0.5 16.65
2200.0 -0.47 8.29
2200.0 -0.44 3.27
2200.0 -0.41 1.59
2200.0 -0.38 3.27
2200.0 -0.35 8.32
2200.0 -0.32 16.72
2200.0 -0.29 28.48
2200.0 -0.26 43.63
2200.0 -0.23 62.28
2200.0 -0.2 84.67
2200.0 -0.17 111.21
2200.0 -0.14 142.6
2200.0 -0.11 179.85
2500.0 -0.71 163.43
2500.0 -0.68 133.58
2500.0 -0.65 106.53
2500.0 -0.62 82.38
2500.0 -0.59 61.24
2500.0 -0.56 43.18
2500.0 -0.53 28.3
2500.0 -0.5 16.65
2500.0 -0.47 8.29
2500.0 -0.44 3.27
2500.0 -0.41 1.59
2500.0 -0.38 3.27
2500.0 -0.35 8.32
2500.0 -0.32 16.72
2500.0 -0.29 28.48
2500.0 -0.26 43.63
2500.0 -0.23 62.28
2500.0 -0.2 84.67
2500.0 -0.17 111.21
2500.0 -0.14 142.6
2500.0 -0.11 179.85
2800.0 -0.71 163.43
2800.0 -0.68 133.58
2800.0 -0.65 106.53
2800.0 -0.62 82.38
2800.0 -0.59 61.24
2800.0 -0.56 43.18
2800.0 -0.53 28.3
2800.0 -0.5 16.65
2800.0 -0.47 8.29
2800.0 -0.44 3.27
2800.0 -0.41 1.59
2800.0 -0.38 3.27
2800.0 -0.35 8.32
2800.0 -0.32 16.72
2800.0 -0.29 28.48
2800.0 -0.26 43.63
2800.0 -0.23 62.28
2800.0 -0.2 84.67
2800.0 -0.17 111.21
2800.0 -0.14 142.6
2800.0 -0.11 179.85
3100.0 -0.71 163.43
3100.0 -0.68 133.58
3100.0 -0.65 106.53
3100.0 -0.62 82.38
3100.0 -0.59 61.24
3100.0 -0.56 43.18
3100.0 -0.53 28.3
3100.0 -0.5 16.65
3100.0 -0.47 8.29
3100.0 -0.44 3.27
3100.0 -0.41 1.59
3100.0 -0.38 3.27
3100.0 -0.35 8.32
3100.0 -0.32 16.72
3100.0 -0.29 28.48
3100.0 -0.26 43.63
3100.0 -0.23 62.28
3100.0 -0.2 84.67
3100.0 -0.17 111.21
3100.0 -0.14 142.6
3100.0 -0.11 179.85
3400.0 -0.71 163.43
3400.0 -0.68 133.58
3400.0 -0.65 106.53
3400.0 -0.62 82.38
3400.0 -0.59 61.24
3400.0 -0.56 43.18
3400.0 -0.53 28.3
3400.0 -0.5 16.65
3400.0 -0.47 8.3
3400.0 -0.44 3.27
3400.0 -0.41 1.6
3400.0 -0.38 3.27
3400.0 -0.35 8.32
3400.0 -0.32 16.72
3400.0 -0.29 28.48
3400.0 -0.26 43.63
3400.0 -0.23 62.28
3400.0 -0.2 84.67
3400.0 -0.17 111.21
3400.0 -0.14 142.6
3400.0 -0.11 179.85
3700.0 -0.71 163.43
3700.0 -0.68 133.58
3700.0 -0.65 106.53
3700.0 -0.62 82.38
3700.0 -0.59 61.24
3700.0 -0.56 43.18
3700.0 -0.53 28.3
3700.0 -0.5 16.65
3700.0 -0.47 8.31
3700.0 -0.44 3.27
3700.0 -0.41 1.59
3700.0 -0.38 3.28
3700.0 -0.35 8.32
3700.0 -0.32 16.72
3700.0 -0.29 28.48
3700.0 -0.26 43.63
3700.0 -0.23 62.28
3700.0 -0.2 84.67
3700.0 -0.17 111.21
3700.0 -0.14 142.6
3700.0 -0.11 179.85
4000.0 -0.71 163.43
4000.0 -0.68 133.58
4000.0 -0.65 106.53
4000.0 -0.62 82.38
4000.0 -0.59 61.24
4000.0 -0.56 43.19
4000.0 -0.53 28.3
4000.0 -0.5 16.65
4000.0 -0.47 8.29
4000.0 -0.44 3.27
4000.0 -0.41 1.65
4000.0 -0.38 3.28
4000.0 -0.35 8.33
4000.0 -0.32 16.72
4000.0 -0.29 28.48
4000.0 -0.26 43.63
4000.0 -0.23 62.28
4000.0 -0.2 84.67
4000.0 -0.17 111.21
4000.0 -0.14 142.6
4000.0 -0.11 179.85
4300.0 -0.71 163.43
4300.0 -0.68 133.58
4300.0 -0.65 106.53
4300.0 -0.62 82.38
4300.0 -0.59 61.24
4300.0 -0.56 43.18
4300.0 -0.53 28.3
4300.0 -0.5 16.66
4300.0 -0.47 8.31
4300.0 -0.44 3.27
4300.0 -0.41 1.61
4300.0 -0.38 3.28
4300.0 -0.35 8.32
4300.0 -0.32 16.72
4300.0 -0.29 28.48
4300.0 -0.26 43.63
4300.0 -0.23 62.28
4300.0 -0.2 84.67
4300.0 -0.17 111.21
4300.0 -0.14 142.6
4300.0 -0.11 179.85
4600.0 -0.71 163.43
4600.0 -0.68 133.58
4600.0 -0.65 106.53
4600.0 -0.62 82.38
4600.0 -0.59 61.24
4600.0 -0.56 43.18
4600.0 -0.53 28.3
4600.0 -0.5 16.65
4600.0 -0.47 8.29
4600.0 -0.44 3.31
4600.0 -0.41 1.6
4600.0 -0.38 3.3
4600.0 -0.35 8.33
4600.0 -0.32 16.72
4600.0 -0.29 28.48
4600.0 -0.26 43.63
4600.0 -0.23 62.28
4600.0 -0.2 84.67
4600.0 -0.17 111.21
4600.0 -0.14 142.6
4600.0 -0.11 179.85
4900.0 -0.71 163.43
4900.0 -0.68 133.58
4900.0 -0.65 106.53
4900.0 -0.62 82.38
4900.0 -0.59 61.24
4900.0 -0.56 43.19
4900.0 -0.53 28.31
4900.0 -0.5 16.65
4900.0 -0.47 9.26
4900.0 -0.44 3.27
4900.0 -0.41 1.59
4900.0 -0.38 3.37
4900.0 -0.35 8.33
4900.0 -0.32 16.72
4900.0 -0.29 28.48
4900.0 -0.26 43.63
4900.0 -0.23 62.28
4900.0 -0.2 84.67
4900.0 -0.17 111.21
4900.0 -0.14 142.6
4900.0 -0.11 179.85
5200.0 -0.71 163.43
5200.0 -0.68 133.58
5200.0 -0.65 106.53
5200.0 -0.62 82.38
5200.0 -0.59 61.24
5200.0 -0.56 43.18
5200.0 -0.53 28.32
5200.0 -0.5 16.66
5200.0 -0.47 9.54
5200.0 -0.44 3.44
5200.0 -0.41 1.69
5200.0 -0.38 3.32
5200.0 -0.35 8.44
5200.0 -0.32 16.89
5200.0 -0.29 28.51
5200.0 -0.26 109.02
5200.0 -0.23 62.29
5200.0 -0.2 84.67
5200.0 -0.17 111.21
5200.0 -0.14 142.6
5200.0 -0.11 179.88
5500.0 -0.71 163.43
5500.0 -0.68 133.58
5500.0 -0.65 106.53
5500.0 -0.62 82.38
5500.0 -0.59 61.3
5500.0 -0.56 43.18
5500.0 -0.53 28.31
5500.0 -0.5 16.66
5500.0 -0.47 8.32
5500.0 -0.44 3.31
5500.0 -0.41 1.89
5500.0 -0.38 3.39
5500.0 -0.35 8.47
5500.0 -0.32 16.73
5500.0 -0.29 28.48
5500.0 -0.26 43.63
5500.0 -0.23 62.29
5500.0 -0.2 84.67
5500.0 -0.17 111.21
5500.0 -0.14 142.6
5500.0 -0.11 179.85
5800.0 -0.71 163.44
5800.0 -0.68 133.64
5800.0 -0.65 106.53
5800.0 -0.62 82.53
5800.0 -0.59 61.26
5800.0 -0.56 43.57
5800.0 -0.53 28.31
5800.0 -0.5 16.69
5800.0 -0.47 8.3
5800.0 -0.44 3.5
5800.0 -0.41 1.85
5800.0 -0.38 3.33
5800.0 -0.35 8.34
5800.0 -0.32 16.88
5800.0 -0.29 28.48
5800.0 -0.26 43.63
5800.0 -0.23 62.28
5800.0 -0.2 84.67
5800.0 -0.17 111.21
5800.0 -0.14 142.6
5800.0 -0.11 179.86
6100.0 -0.71 163.43
6100.0 -0.68 133.62
6100.0 -0.65 106.71
6100.0 -0.62 82.39
6100.0 -0.59 61.25
6100.0 -0.56 43.19
6100.0 -0.53 28.33
6100.0 -0.5 16.68
6100.0 -0.47 27.21
6100.0 -0.44 3.33
6100.0 -0.41 2.0
6100.0 -0.38 3.42
6100.0 -0.35 8.47
6100.0 -0.32 224.7
6100.0 -0.29 28.51
6100.0 -0.26 43.63
6100.0 -0.23 63.64
6100.0 -0.2 84.68
6100.0 -0.17 111.22
6100.0 -0.14 142.6
6100.0 -0.11 179.86
6400.0 -0.71 163.43
6400.0 -0.68 133.58
6400.0 -0.65 106.61
6400.0 -0.62 82.43
6400.0 -0.59 61.32
6400.0 -0.56 43.53
6400.0 -0.53 28.57
6400.0 -0.5 16.7
6400.0 -0.47 8.31
6400.0 -0.44 6.84
6400.0 -0.41 3.3
6400.0 -0.38 3.29
6400.0 -0.35 33.73
6400.0 -0.32 16.83
6400.0 -0.29 28.48
6400.0 -0.26 43.66
6400.0 -0.23 291.6
6400.0 -0.2 1521.56
6400.0 -0.17 111.22
6400.0 -0.14 160.73
6400.0 -0.11 179.85
6700.0 -0.71 163.48
6700.0 -0.68 133.58
6700.0 -0.65 106.83
6700.0 -0.62 82.43
6700.0 -0.59 306.96
6700.0 -0.56 91.04
6700.0 -0.53 514.3
6700.0 -0.5 16.81
6700.0 -0.47 49.78
6700.0 -0.44 3.54
6700.0 -0.41 2.5
6700.0 -0.38 3.33
6700.0 -0.35 9.77
6700.0 -0.32 16.9
6700.0 -0.29 28.81
6700.0 -0.26 43.63
6700.0 -0.23 68.04
6700.0 -0.2 84.68
6700.0 -0.17 111.23
6700.0 -0.14 142.61
6700.0 -0.11 179.86
7000.0 -0.71 163.56
7000.0 -0.68 980.71
7000.0 -0.65 106.56
7000.0 -0.62 82.43
7000.0 -0.59 202.63
7000.0 -0.56 43.24
7000.0 -0.53 2562.85
7000.0 -0.5 20.1
7000.0 -0.47 9.06
7000.0 -0.44 4.52
7000.0 -0.41 10.06
7000.0 -0.38 4.4
7000.0 -0.35 9.44
7000.0 -0.32 16.72
7000.0 -0.29 29.67
7000.0 -0.26 87.84
7000.0 -0.23 62.39
7000.0 -0.2 84.81
7000.0 -0.17 1936.2
7000.0 -0.14 142.61
7000.0 -0.11 1266.73
